0.0014078795214270288429364574867008741421159356832504272460937500000000000000000000000000000000000000
0.0043160605654791548563276037953073682729154825210571289062500000000000000000000000000000000000000000
0.0098765756618861329924063952034885005559772253036499023437500000000000000000000000000000000000000000
0.0194264137737277450823647484412504127249121665954589843750000000000000000000000000000000000000000000
0.0349404906981143487110230694270285312086343765258789062500000000000000000000000000000000000000000000
0.0600058774366159855540026057951763505116105079650878906250000000000000000000000000000000000000000000
0.1033760420373893845757962139941810164600610733032226562500000000000000000000000000000000000000000000
0.1970400414468454763916582805904909037053585052490234375000000000000000000000000000000000000000000000
0.6314250788705069172834782875725068151950836181640625000000000000000000000000000000000000000000000000
-0.6314250788705069172834782875725068151950836181640625000000000000000000000000000000000000000000000000
-0.1970400414468454763916582805904909037053585052490234375000000000000000000000000000000000000000000000
-0.1033760420373893845757962139941810164600610733032226562500000000000000000000000000000000000000000000
-0.0600058774366159855540026057951763505116105079650878906250000000000000000000000000000000000000000000
-0.0349404906981143487110230694270285312086343765258789062500000000000000000000000000000000000000000000
-0.0194264137737277450823647484412504127249121665954589843750000000000000000000000000000000000000000000
-0.0098765756618861329924063952034885005559772253036499023437500000000000000000000000000000000000000000
-0.0043160605654791548563276037953073682729154825210571289062500000000000000000000000000000000000000000
-0.0014078795214270288429364574867008741421159356832504272460937500000000000000000000000000000000000000
