0.0003686888014184298194633737644210214057238772511482238769531250000000000000000000000000000000000000
-0.0019861180587527681000448165349325790884904563426971435546875000000000000000000000000000000000000000
0.0055105707578070083421661884415243548573926091194152832031250000000000000000000000000000000000000000
-0.0130441639325356885381612670471440651454031467437744140625000000000000000000000000000000000000000000
0.0272977416308918738319100327771593583747744560241699218750000000000000000000000000000000000000000000
-0.0528384176859954257654550247025326825678348541259765625000000000000000000000000000000000000000000000
0.0966306248498351727516109122007037512958049774169921875000000000000000000000000000000000000000000000
-0.1775940781863490636194313765372498892247676849365234375000000000000000000000000000000000000000000000
0.3994438362845428303060657526657450944185256958007812500000000000000000000000000000000000000000000000
-0.4249390881853808421553253538149874657392501831054687500000000000000000000000000000000000000000000000
0.0024309822484514312379566547406284371390938758850097656250000000000000000000000000000000000000000000
-0.4765681900640273971347937731479760259389877319335937500000000000000000000000000000000000000000000000
0.1708721117323105942453764782840153202414512634277343750000000000000000000000000000000000000000000000
-0.0481711050733766091291876421109918737784028053283691406250000000000000000000000000000000000000000000
-0.4409032086499858338335400276264408603310585021972656250000000000000000000000000000000000000000000000
-0.3849468360540586053808453925739740952849388122558593750000000000000000000000000000000000000000000000
0.1287955427128623930865813917989726178348064422607421875000000000000000000000000000000000000000000000
-0.2705364786100158402959436898527201265096664428710937500000000000000000000000000000000000000000000000
0.0864637515754063112893845755024813115596771240234375000000000000000000000000000000000000000000000000
-0.0588161240779752694796123080323013709858059883117675781250000000000000000000000000000000000000000000
-0.1494397462816594024381799954426242038607597351074218750000000000000000000000000000000000000000000000
-0.0462664077314695332265870320043177343904972076416015625000000000000000000000000000000000000000000000
0.0870837705676132250998122685814450960606336593627929687500000000000000000000000000000000000000000000
0.0796115893397876805970270197576610371470451354980468750000000000000000000000000000000000000000000000
-0.3871142482845080778908197771670529618859291076660156250000000000000000000000000000000000000000000000
0.3563402500149922547123537697189021855592727661132812500000000000000000000000000000000000000000000000
0.2943569820029118266901946299185510724782943725585937500000000000000000000000000000000000000000000000
0.3403953499422446848932111151952994987368583679199218750000000000000000000000000000000000000000000000
-0.0943204401191085201050512409892689902335405349731445312500000000000000000000000000000000000000000000
0.1949116243645393764527540270137251354753971099853515625000000000000000000000000000000000000000000000
-0.3465790790603233140210193141683703288435935974121093750000000000000000000000000000000000000000000000
0.0999118256044575492325066079501993954181671142578125000000000000000000000000000000000000000000000000
0.3282980954541750429065416483354056254029273986816406250000000000000000000000000000000000000000000000
0.1544089669221772320728547356338822282850742340087890625000000000000000000000000000000000000000000000
0.0882677754475721804139354276230733375996351242065429687500000000000000000000000000000000000000000000
-0.2940124570954238403253100386791629716753959655761718750000000000000000000000000000000000000000000000
0.5473998456254901556761183201160747557878494262695312500000000000000000000000000000000000000000000000
0.0734606925034258784190654978374368511140346527099609375000000000000000000000000000000000000000000000
-0.3498567525159053115402230105246417224407196044921875000000000000000000000000000000000000000000000000
-0.3576551313177867008619159605586901307106018066406250000000000000000000000000000000000000000000000000
-0.3848469756762519233816988162288907915353775024414062500000000000000000000000000000000000000000000000
-0.3009414333656861284538308609626255929470062255859375000000000000000000000000000000000000000000000000
0.0490181805284857843862944548618543194606900215148925781250000000000000000000000000000000000000000000
0.1089192103351529911092754332457843702286481857299804687500000000000000000000000000000000000000000000
0.0577524911183870462427769609803362982347607612609863281250000000000000000000000000000000000000000000
-0.0578459971408379555746215316958114271983504295349121093750000000000000000000000000000000000000000000
-0.0027187125823960921547350899629691411973908543586730957031250000000000000000000000000000000000000000
0.0744309726593081616430325198052742052823305130004882812500000000000000000000000000000000000000000000
-0.1257047681848058595655004410218680277466773986816406250000000000000000000000000000000000000000000000
0.3376328227789386349222411354276118800044059753417968750000000000000000000000000000000000000000000000
0.1773650430195366223262709581831586547195911407470703125000000000000000000000000000000000000000000000
0.3738255761273992505699936828023055568337440490722656250000000000000000000000000000000000000000000000
-0.0140233153784178297962537129706106497906148433685302734375000000000000000000000000000000000000000000
0.0855500713973773585507842653896659612655639648437500000000000000000000000000000000000000000000000000
0.3640156381886290315463838851428590714931488037109375000000000000000000000000000000000000000000000000
0.2402038729665050831307837597705656662583351135253906250000000000000000000000000000000000000000000000
0.3220540177203906617720008398464415222406387329101562500000000000000000000000000000000000000000000000
0.4597363802149350697767715701047563925385475158691406250000000000000000000000000000000000000000000000
0.0385840832390194551915207910042227013036608695983886718750000000000000000000000000000000000000000000
-0.4588138085181478476037852942681638523936271667480468750000000000000000000000000000000000000000000000
0.2357205215309698675962835068276035599410533905029296875000000000000000000000000000000000000000000000
0.4747546587621040981019859827938489615917205810546875000000000000000000000000000000000000000000000000
-0.0825236709244373534133387693145778030157089233398437500000000000000000000000000000000000000000000000
-0.1422612341620894949034692444911343045532703399658203125000000000000000000000000000000000000000000000
-0.2556849722845010441929503031133208423852920532226562500000000000000000000000000000000000000000000000
-0.4015321323397425534729165974567877128720283508300781250000000000000000000000000000000000000000000000
0.3260720450645241963449905142624629661440849304199218750000000000000000000000000000000000000000000000
0.3068157416624182065589820922468788921833038330078125000000000000000000000000000000000000000000000000
0.4753883427675982265014908989542163908481597900390625000000000000000000000000000000000000000000000000
0.2497565113877127929153942886841832660138607025146484375000000000000000000000000000000000000000000000
0.2559022184735592064797060629643965512514114379882812500000000000000000000000000000000000000000000000
0.2451237422322307957234244213395868428051471710205078125000000000000000000000000000000000000000000000
-0.2766057373056387547194390208460390567779541015625000000000000000000000000000000000000000000000000000
0.1251328099365656143504565989132970571517944335937500000000000000000000000000000000000000000000000000
0.0560470594894243376304920900565775809809565544128417968750000000000000000000000000000000000000000000
0.4366515179182736683394239207700593397021293640136718750000000000000000000000000000000000000000000000
0.0153690791267562555655334932680489146150648593902587890625000000000000000000000000000000000000000000
-0.0102771685371352786836363080169576278422027826309204101562500000000000000000000000000000000000000000
0.5120752979525281523009994089079555124044418334960937500000000000000000000000000000000000000000000000
-0.0226990138335984199813299966308477451093494892120361328125000000000000000000000000000000000000000000
0.3107568760141342090186356017511570826172828674316406250000000000000000000000000000000000000000000000
0.1027957271475741646282742181028879713267087936401367187500000000000000000000000000000000000000000000
-0.0936277234222083060144470323393761646002531051635742187500000000000000000000000000000000000000000000
0.0594957710129950800848064318415708839893341064453125000000000000000000000000000000000000000000000000
-0.2523092008080793369195760078582679852843284606933593750000000000000000000000000000000000000000000000
0.2339024426752840390975052287103608250617980957031250000000000000000000000000000000000000000000000000
0.1307899567975424892640745611060992814600467681884765625000000000000000000000000000000000000000000000
-0.2105754834085462878778827189307776279747486114501953125000000000000000000000000000000000000000000000
0.1495525079536811630109838233693153597414493560791015625000000000000000000000000000000000000000000000
0.1212426832660386810669450596833485178649425506591796875000000000000000000000000000000000000000000000
0.0167936197244368153047577862935213488526642322540283203125000000000000000000000000000000000000000000
0.0706526462080823841604981794262130279093980789184570312500000000000000000000000000000000000000000000
-0.1603969804624513217916614848945755511522293090820312500000000000000000000000000000000000000000000000
0.2594878459434410422623784597817575559020042419433593750000000000000000000000000000000000000000000000
0.1822767272840162544600417504625511355698108673095703125000000000000000000000000000000000000000000000
0.2033358092264544725313868411831208504736423492431640625000000000000000000000000000000000000000000000
-0.0866623879301675337227806039663846604526042938232421875000000000000000000000000000000000000000000000
-0.0979759388361859107074991470653912983834743499755859375000000000000000000000000000000000000000000000
0.2286646247496276762589673126058187335729598999023437500000000000000000000000000000000000000000000000
-0.4886923851560571185892456469446187838912010192871093750000000000000000000000000000000000000000000000
-0.3835947927200181184481664331542560830712318420410156250000000000000000000000000000000000000000000000
-0.1630857735338988867557219464288209564983844757080078125000000000000000000000000000000000000000000000
0.4236178217472980622737566136493114754557609558105468750000000000000000000000000000000000000000000000
-0.1852654977945207837031205144739942625164985656738281250000000000000000000000000000000000000000000000
-0.1015074646378895245613094289183209184557199478149414062500000000000000000000000000000000000000000000
0.2919076750687517596283271359425270929932594299316406250000000000000000000000000000000000000000000000
0.3992807675745072004680480404203990474343299865722656250000000000000000000000000000000000000000000000
0.1702496446260137186179406398878199979662895202636718750000000000000000000000000000000000000000000000
0.2814641777787767473739677370758727192878723144531250000000000000000000000000000000000000000000000000
0.1460993401226871601927825849998043850064277648925781250000000000000000000000000000000000000000000000
-0.6141156149474946701616318023297935724258422851562500000000000000000000000000000000000000000000000000
0.1681557929282975760720830749050946906208992004394531250000000000000000000000000000000000000000000000
0.3504164183088063766469133497594157233834266662597656250000000000000000000000000000000000000000000000
-0.0641212456577558709280850735012791119515895843505859375000000000000000000000000000000000000000000000
0.2513510260691452224968145401362562552094459533691406250000000000000000000000000000000000000000000000
-0.0138988417574790606989765251455537509173154830932617187500000000000000000000000000000000000000000000
-0.0933298976230344246030057320240302942693233489990234375000000000000000000000000000000000000000000000
0.5382632588743834212152705731568858027458190917968750000000000000000000000000000000000000000000000000
0.1330835898787448290381263404924538917839527130126953125000000000000000000000000000000000000000000000
0.3707138878939945092483299049490597099065780639648437500000000000000000000000000000000000000000000000
-0.0057492352081108498429440345489638275466859340667724609375000000000000000000000000000000000000000000
0.2695125959629462997213522612582892179489135742187500000000000000000000000000000000000000000000000000
0.0339642004116275583736062060324911726638674736022949218750000000000000000000000000000000000000000000
-0.1048552399622832143055717324386932887136936187744140625000000000000000000000000000000000000000000000
-0.0175051590133772465296413400892561185173690319061279296875000000000000000000000000000000000000000000
-0.1046421201610856360764145733810437377542257308959960937500000000000000000000000000000000000000000000
0.2430953895971962597233329006485291756689548492431640625000000000000000000000000000000000000000000000
-0.4569552857997695172187491152726579457521438598632812500000000000000000000000000000000000000000000000
-0.3533290594315004473635610793280648067593574523925781250000000000000000000000000000000000000000000000
-0.5234687107049700305339001715765334665775299072265625000000000000000000000000000000000000000000000000
-0.2900985225045090154516458369471365585923194885253906250000000000000000000000000000000000000000000000
-0.2560886069784836238660830076696584001183509826660156250000000000000000000000000000000000000000000000
-0.3194539508550115480822739755240036174654960632324218750000000000000000000000000000000000000000000000
0.3763867442341451985399203294946346431970596313476562500000000000000000000000000000000000000000000000
-0.1882311885523204886272452540652011521160602569580078125000000000000000000000000000000000000000000000
-0.0866593174467845395181342382784350775182247161865234375000000000000000000000000000000000000000000000
0.1558255224816016137889818082840065471827983856201171875000000000000000000000000000000000000000000000
0.1175274396008207100638998099384480156004428863525390625000000000000000000000000000000000000000000000
-0.3537917101843000566852026622655102983117103576660156250000000000000000000000000000000000000000000000
-0.0351033028556858792135209057505562668666243553161621093750000000000000000000000000000000000000000000
0.2615370065638005225849838097929023206233978271484375000000000000000000000000000000000000000000000000
-0.1141350516813948029470893175130186136811971664428710937500000000000000000000000000000000000000000000
0.0019065533149982371967368077747551069478504359722137451171875000000000000000000000000000000000000000
-0.1279668673853105176352329408473451621830463409423828125000000000000000000000000000000000000000000000
-0.1103839834211203935199208103767887223511934280395507812500000000000000000000000000000000000000000000
-0.5338167145953897074761584917723666876554489135742187500000000000000000000000000000000000000000000000
-0.1815014117862887299548191322173806838691234588623046875000000000000000000000000000000000000000000000
-0.2089055211099499487215069848389248363673686981201171875000000000000000000000000000000000000000000000
0.1387372000014434891834724794534849934279918670654296875000000000000000000000000000000000000000000000
0.3874428013363260259183107336866669356822967529296875000000000000000000000000000000000000000000000000
0.0644607366937043763099879356559540610760450363159179687500000000000000000000000000000000000000000000
0.3946082333765995597829601138073485344648361206054687500000000000000000000000000000000000000000000000
0.2684752237204588443120201191050000488758087158203125000000000000000000000000000000000000000000000000
-0.2841814601996057176869214799808105453848838806152343750000000000000000000000000000000000000000000000
-0.0925628734348531018172323570070147980004549026489257812500000000000000000000000000000000000000000000
-0.2941242688779464042880817942204885184764862060546875000000000000000000000000000000000000000000000000
-0.2719226120361487031296121585910441353917121887207031250000000000000000000000000000000000000000000000
0.3118125302892957306788446203427156433463096618652343750000000000000000000000000000000000000000000000
0.1709558919502383034227932512294501066207885742187500000000000000000000000000000000000000000000000000
0.2967585462131901441473758040956454351544380187988281250000000000000000000000000000000000000000000000
-0.1443741772020810942844804003470926545560359954833984375000000000000000000000000000000000000000000000
-0.3720918357752134864036008821130963042378425598144531250000000000000000000000000000000000000000000000
0.4360670567339979819543316352792317047715187072753906250000000000000000000000000000000000000000000000
0.1441538087692066649747602014031144790351390838623046875000000000000000000000000000000000000000000000
0.2305959095397746849709363914371351711452007293701171875000000000000000000000000000000000000000000000
-0.3640553671461410623066967673366889357566833496093750000000000000000000000000000000000000000000000000
-0.0049284926716059006962522559547323908191174268722534179687500000000000000000000000000000000000000000
0.0606847233671255828491020167803071672096848487854003906250000000000000000000000000000000000000000000
-0.3089607684214962235458301620383281260728836059570312500000000000000000000000000000000000000000000000
0.1877024536101684626387964271998498588800430297851562500000000000000000000000000000000000000000000000
0.0059816353484640058177368437952736712759360671043395996093750000000000000000000000000000000000000000
-0.2638748972915908597158818338357377797365188598632812500000000000000000000000000000000000000000000000
-0.1105934454728568633319341074638941790908575057983398437500000000000000000000000000000000000000000000
-0.2156815622800412612924958466464886441826820373535156250000000000000000000000000000000000000000000000
-0.0835254865007301477985990345587197225540876388549804687500000000000000000000000000000000000000000000
-0.1291956279618644842788199866845388896763324737548828125000000000000000000000000000000000000000000000
0.0559407239113346582692898323330155108124017715454101562500000000000000000000000000000000000000000000
0.4213170705714165409361271485977340489625930786132812500000000000000000000000000000000000000000000000
0.2961295495300179103637105981761123985052108764648437500000000000000000000000000000000000000000000000
0.3871888173710282265993498640455072745680809020996093750000000000000000000000000000000000000000000000
-0.0332951653441167852442994501416251296177506446838378906250000000000000000000000000000000000000000000
0.2255721938461416331556108616496203467249870300292968750000000000000000000000000000000000000000000000
-0.0763433559988862808776133306309930048882961273193359375000000000000000000000000000000000000000000000
-0.1707722088737242127631787980135413818061351776123046875000000000000000000000000000000000000000000000
0.2208445037979393510418901769298827275633811950683593750000000000000000000000000000000000000000000000
-0.1927005896620747893432934461088734678924083709716796875000000000000000000000000000000000000000000000
0.0272479057572528465813732623246323782950639724731445312500000000000000000000000000000000000000000000
0.2534624996033117971805381785088684409856796264648437500000000000000000000000000000000000000000000000
-0.0383374881418822033296578410954680293798446655273437500000000000000000000000000000000000000000000000
-0.0024930420593317907836106162022815624368377029895782470703125000000000000000000000000000000000000000
-0.2903532048774512541733372472663177177309989929199218750000000000000000000000000000000000000000000000
0.4021880861887968117152070135489339008927345275878906250000000000000000000000000000000000000000000000
-0.0798384055832598860114046601665904745459556579589843750000000000000000000000000000000000000000000000
-0.4034988852021524352586823169986018911004066467285156250000000000000000000000000000000000000000000000
-0.0832186009684567212785211154368880670517683029174804687500000000000000000000000000000000000000000000
-0.0358349203375731562015715780944447033107280731201171875000000000000000000000000000000000000000000000
0.2854850800037503355532919613324338570237159729003906250000000000000000000000000000000000000000000000
0.5804056884831310103578516645939089357852935791015625000000000000000000000000000000000000000000000000
0.0513007516006026564880926343903411179780960083007812500000000000000000000000000000000000000000000000
-0.2890308230135104072822116449970053508877754211425781250000000000000000000000000000000000000000000000
0.0106676485255006569391467152740915480535477399826049804687500000000000000000000000000000000000000000
-0.1391818831800391564890162499068537726998329162597656250000000000000000000000000000000000000000000000
-0.0938567126393270445561256565270014107227325439453125000000000000000000000000000000000000000000000000
0.3574979469731513481711715485289460048079490661621093750000000000000000000000000000000000000000000000
0.0238937835924688465882859134126192657276988029479980468750000000000000000000000000000000000000000000
0.0919579634504239795678159907765802927315235137939453125000000000000000000000000000000000000000000000
0.4601228815234165714365133226237958297133445739746093750000000000000000000000000000000000000000000000
0.3557703737320431214286031718074809759855270385742187500000000000000000000000000000000000000000000000
0.2281491444639427712548496174349565990269184112548828125000000000000000000000000000000000000000000000
0.0451822576518515553467558731881581479683518409729003906250000000000000000000000000000000000000000000
0.0442507077685976302205972388037480413913726806640625000000000000000000000000000000000000000000000000
-0.4739286821867997878676703749079024419188499450683593750000000000000000000000000000000000000000000000
0.0369226613724741303812493242730852216482162475585937500000000000000000000000000000000000000000000000
0.0080993290676101680619636269398142758291214704513549804687500000000000000000000000000000000000000000
0.4280298295924735429984764323307899758219718933105468750000000000000000000000000000000000000000000000
0.0293491201453085458206171409756279899738729000091552734375000000000000000000000000000000000000000000
-0.0601374511891657678730460645510902395471930503845214843750000000000000000000000000000000000000000000
0.4771558121315849776422624017868656665086746215820312500000000000000000000000000000000000000000000000
-0.3106354077022774329286392003268701955676078796386718750000000000000000000000000000000000000000000000
-0.4787785737789929108032538351835682988166809082031250000000000000000000000000000000000000000000000000
-0.1914678154779773933125142093558679334819316864013671875000000000000000000000000000000000000000000000
0.3437077955875759149861892183253075927495956420898437500000000000000000000000000000000000000000000000
-0.0697340248422783359760757093681604601442813873291015625000000000000000000000000000000000000000000000
0.2980411392808307580182258789136540144681930541992187500000000000000000000000000000000000000000000000
0.0368321325936809967904750351408438291400671005249023437500000000000000000000000000000000000000000000
-0.1083789474067125974121594822463521268218755722045898437500000000000000000000000000000000000000000000
-0.0718310310607266494509204335372487548738718032836914062500000000000000000000000000000000000000000000
-0.4451452428409091721661638985096942633390426635742187500000000000000000000000000000000000000000000000
0.3544276057149821634872921549685997888445854187011718750000000000000000000000000000000000000000000000
-0.1506959938936496545824894610632327385246753692626953125000000000000000000000000000000000000000000000
-0.4276624741694182718632077921938616782426834106445312500000000000000000000000000000000000000000000000
0.0511753836106167495079155571602314012125134468078613281250000000000000000000000000000000000000000000
-0.0909964303354974524129517021719948388636112213134765625000000000000000000000000000000000000000000000
0.4260205557615015514727474510436877608299255371093750000000000000000000000000000000000000000000000000
0.0551838294297329751136871323069499339908361434936523437500000000000000000000000000000000000000000000
0.1260906697895289862998424723627977073192596435546875000000000000000000000000000000000000000000000000
0.1063533737854705646386221928878512699156999588012695312500000000000000000000000000000000000000000000
-0.3202811987522127812333394558663712814450263977050781250000000000000000000000000000000000000000000000
0.1843770095168126288420751279772957786917686462402343750000000000000000000000000000000000000000000000
0.1711251563932703056991613266291096806526184082031250000000000000000000000000000000000000000000000000
-0.2427158788006937573111798656100290827453136444091796875000000000000000000000000000000000000000000000
-0.1137842915144391953141678186511853709816932678222656250000000000000000000000000000000000000000000000
0.4499276909792769840734649733349215239286422729492187500000000000000000000000000000000000000000000000
0.4930112560333402837997596179775428026914596557617187500000000000000000000000000000000000000000000000
0.2141625127669070094427183903462719172239303588867187500000000000000000000000000000000000000000000000
0.1222256482483464329336086962030094582587480545043945312500000000000000000000000000000000000000000000
0.5671907046773085880886355880647897720336914062500000000000000000000000000000000000000000000000000000
-0.3286420395597582366775668560876511037349700927734375000000000000000000000000000000000000000000000000
-0.0014647896439447323675697720801736068096943199634552001953125000000000000000000000000000000000000000
0.3032591046986212179881192696484504267573356628417968750000000000000000000000000000000000000000000000
-0.1179997733075009852532488707765878643840551376342773437500000000000000000000000000000000000000000000
-0.2701341479483975183129018660110887140035629272460937500000000000000000000000000000000000000000000000
-0.3901255637078738791601040247769560664892196655273437500000000000000000000000000000000000000000000000
-0.4196214852425642627409274609817657619714736938476562500000000000000000000000000000000000000000000000
-0.3039589773612882406261803680536104366183280944824218750000000000000000000000000000000000000000000000
-0.2791227933868307142795117670175386592745780944824218750000000000000000000000000000000000000000000000
-0.3815527038661191694401964014105033129453659057617187500000000000000000000000000000000000000000000000
0.1141737457532285004990768584320903755724430084228515625000000000000000000000000000000000000000000000
-0.2852774128427587596590342400304507464170455932617187500000000000000000000000000000000000000000000000
-0.3853904558180696326985525956843048334121704101562500000000000000000000000000000000000000000000000000
-0.0727840452087407108194838656345382332801818847656250000000000000000000000000000000000000000000000000
0.1955751605135742920982266923601855523884296417236328125000000000000000000000000000000000000000000000
-0.0381804506087169356898236571851157350465655326843261718750000000000000000000000000000000000000000000
-0.0831907078025000690235657430093851871788501739501953125000000000000000000000000000000000000000000000
-0.3693594368221704282717610112740658223628997802734375000000000000000000000000000000000000000000000000
-0.2132817442889957115781385255104396492242813110351562500000000000000000000000000000000000000000000000
-0.0450373644722132163153993644755246350541710853576660156250000000000000000000000000000000000000000000
-0.6352194106263608919249463724554516375064849853515625000000000000000000000000000000000000000000000000
0.0398353417359187736423997705514921108260750770568847656250000000000000000000000000000000000000000000
-0.1418910648015745956662669868819648399949073791503906250000000000000000000000000000000000000000000000
-0.2252998400294335124005584702899795956909656524658203125000000000000000000000000000000000000000000000
0.2663206728981570847736293217167258262634277343750000000000000000000000000000000000000000000000000000
0.3594618607013063127375573913013795390725135803222656250000000000000000000000000000000000000000000000
0.3588801246234856745509489428513916209340095520019531250000000000000000000000000000000000000000000000
0.0104817634915489992647463779462668753694742918014526367187500000000000000000000000000000000000000000
-0.0826623685682718323253226344604627229273319244384765625000000000000000000000000000000000000000000000
0.0935021778758804988918029721389757469296455383300781250000000000000000000000000000000000000000000000
0.0868729160611291240101650146243628114461898803710937500000000000000000000000000000000000000000000000
0.2145588626037036594773610431730048730969429016113281250000000000000000000000000000000000000000000000
0.2826876634820355005395242642407538369297981262207031250000000000000000000000000000000000000000000000
0.2909850985177419580018920441943919286131858825683593750000000000000000000000000000000000000000000000
0.2133570821155402197355499538389267399907112121582031250000000000000000000000000000000000000000000000
0.1221519415664934493648274838051293045282363891601562500000000000000000000000000000000000000000000000
-0.2281131927161222094913028968221624381840229034423828125000000000000000000000000000000000000000000000
-0.1122225718755859857900247789075365290045738220214843750000000000000000000000000000000000000000000000
-0.0791912706955373996153824123211961705237627029418945312500000000000000000000000000000000000000000000
0.2480774469397424852878941692324588075280189514160156250000000000000000000000000000000000000000000000
-0.0162848891410159631043530481520065222866833209991455078125000000000000000000000000000000000000000000
-0.4694738034615754673772869409731356427073478698730468750000000000000000000000000000000000000000000000
-0.2785739513473908246510291064623743295669555664062500000000000000000000000000000000000000000000000000
0.0002347331613379135054064938969986542360857129096984863281250000000000000000000000000000000000000000
0.0410131914070205674804903139829548308625817298889160156250000000000000000000000000000000000000000000
-0.2950728977991706192263166030897991731762886047363281250000000000000000000000000000000000000000000000
-0.3325808004455999000725796577171422541141510009765625000000000000000000000000000000000000000000000000
0.0998491097110593972541181528868037275969982147216796875000000000000000000000000000000000000000000000
0.3993215322621800900115829335845774039626121520996093750000000000000000000000000000000000000000000000
0.3056851260978729611927917630964657291769981384277343750000000000000000000000000000000000000000000000
0.0640649380969332826740725295167067088186740875244140625000000000000000000000000000000000000000000000
-0.7050775902710617604185472373501397669315338134765625000000000000000000000000000000000000000000000000
0.0919552951284617475780081008451816160231828689575195312500000000000000000000000000000000000000000000
0.0108245575603745178977499463712774740997701883316040039062500000000000000000000000000000000000000000
-0.2782156354389149210959431002265773713588714599609375000000000000000000000000000000000000000000000000
-0.2531479024439877156815725811611628159880638122558593750000000000000000000000000000000000000000000000
-0.0549364375205339330876519454704975942149758338928222656250000000000000000000000000000000000000000000
0.5595582619202413843240151436475571244955062866210937500000000000000000000000000000000000000000000000
0.1530478180478840599665346644542296417057514190673828125000000000000000000000000000000000000000000000
0.3983977008890308146860093074792530387639999389648437500000000000000000000000000000000000000000000000
0.2384063853619438344555447883976739831268787384033203125000000000000000000000000000000000000000000000
0.2752653795067918074401802641659742221236228942871093750000000000000000000000000000000000000000000000
-0.1511235115875005086127913500604336149990558624267578125000000000000000000000000000000000000000000000
-0.2625734632163940207583152641745982691645622253417968750000000000000000000000000000000000000000000000
-0.2376577285730128441532116312373545952141284942626953125000000000000000000000000000000000000000000000
-0.2309339748750123821885438246681587770581245422363281250000000000000000000000000000000000000000000000
-0.0389214137278765734406782428322912892326712608337402343750000000000000000000000000000000000000000000
-0.1279497538165827175138389293351792730391025543212890625000000000000000000000000000000000000000000000
-0.2317440787872020457882626942591741681098937988281250000000000000000000000000000000000000000000000000
0.0658662104048185897964273749494168441742658615112304687500000000000000000000000000000000000000000000
0.0750185233679571683573783502652077004313468933105468750000000000000000000000000000000000000000000000
-0.1966307579831148011351160675985738635063171386718750000000000000000000000000000000000000000000000000
0.7308406223410313096167101321043446660041809082031250000000000000000000000000000000000000000000000000
-0.3270196700247596233168678736547008156776428222656250000000000000000000000000000000000000000000000000
0.0601062169451403310871384633173875045031309127807617187500000000000000000000000000000000000000000000
0.1964670485818463818716850255441386252641677856445312500000000000000000000000000000000000000000000000
-0.3605298317546345998607648652978241443634033203125000000000000000000000000000000000000000000000000000
0.2884014296769691898525422857346711680293083190917968750000000000000000000000000000000000000000000000
0.4184776136521758393982395318744238466024398803710937500000000000000000000000000000000000000000000000
-0.0882850993442555881385302996022801380604505538940429687500000000000000000000000000000000000000000000
0.1122564141865067116610177322399977128952741622924804687500000000000000000000000000000000000000000000
0.2395704303620957709153316272931988351047039031982421875000000000000000000000000000000000000000000000
0.3824186236143413686328074163611745461821556091308593750000000000000000000000000000000000000000000000
0.1854111151610422225655128158905426971614360809326171875000000000000000000000000000000000000000000000
0.1449640096565335822820230760044069029390811920166015625000000000000000000000000000000000000000000000
0.3888756295050804778767883362888824194669723510742187500000000000000000000000000000000000000000000000
-0.2894143426470973667896657843812135979533195495605468750000000000000000000000000000000000000000000000
0.3204811572856990364854823383211623877286911010742187500000000000000000000000000000000000000000000000
0.1316002974546057746607630178914405405521392822265625000000000000000000000000000000000000000000000000
-0.2340236193536156805716785811455338262021541595458984375000000000000000000000000000000000000000000000
0.0555927795294949428361874765869288239628076553344726562500000000000000000000000000000000000000000000
-0.3680523210218876739574511702812742441892623901367187500000000000000000000000000000000000000000000000
-0.1985123480010804186690620554145425558090209960937500000000000000000000000000000000000000000000000000
0.3326336893548338946580145147891016677021980285644531250000000000000000000000000000000000000000000000
0.1383749912879876919902244480908848345279693603515625000000000000000000000000000000000000000000000000
-0.3145328812393778927791743171837879344820976257324218750000000000000000000000000000000000000000000000
-0.2099805201787121877732289476625737734138965606689453125000000000000000000000000000000000000000000000
-0.4223586728089465669455648821895010769367218017578125000000000000000000000000000000000000000000000000
0.0329420269675930951769338150825205957517027854919433593750000000000000000000000000000000000000000000
0.3577467599635545947300840907701058313250541687011718750000000000000000000000000000000000000000000000
-0.2401479819731743570176973889829241670668125152587890625000000000000000000000000000000000000000000000
0.1619201183363336848941571588511578738689422607421875000000000000000000000000000000000000000000000000
0.2349024126467900985826275928047834895551204681396484375000000000000000000000000000000000000000000000
0.5565342016248164824787636462133377790451049804687500000000000000000000000000000000000000000000000000
0.0212133451432457084684379822192568099126219749450683593750000000000000000000000000000000000000000000
-0.3490152498538224845603394896897953003644943237304687500000000000000000000000000000000000000000000000
0.2374418476251694831713479061363614164292812347412109375000000000000000000000000000000000000000000000
0.3934482095600991269357393775862874463200569152832031250000000000000000000000000000000000000000000000
0.4830953049522354603162455077836057171225547790527343750000000000000000000000000000000000000000000000
-0.1408296956703473934435777437101933173835277557373046875000000000000000000000000000000000000000000000
-0.5916572860386354326678315374010708183050155639648437500000000000000000000000000000000000000000000000
-0.0789208464825941896636507522089232224971055984497070312500000000000000000000000000000000000000000000
-0.1293107003480832573050207656706334091722965240478515625000000000000000000000000000000000000000000000
-0.1478980207731457330311286568758077919483184814453125000000000000000000000000000000000000000000000000
-0.3606204958264102033993481200013775378465652465820312500000000000000000000000000000000000000000000000
-0.1787905730093844458572505118354456499218940734863281250000000000000000000000000000000000000000000000
0.2005232612637382061393509502522647380828857421875000000000000000000000000000000000000000000000000000
-0.5001780600014587019330747352796606719493865966796875000000000000000000000000000000000000000000000000
0.0215479551502276572838567858525493647903203964233398437500000000000000000000000000000000000000000000
-0.0884375585782833234516076004183560144156217575073242187500000000000000000000000000000000000000000000
-0.2139202301833796893149042261939030140638351440429687500000000000000000000000000000000000000000000000
0.2324139700500901517532525986098335124552249908447265625000000000000000000000000000000000000000000000
0.0433736188782168699540342515774682397022843360900878906250000000000000000000000000000000000000000000
-0.1712755951615906324647653491410892456769943237304687500000000000000000000000000000000000000000000000
-0.0868788442413919448359393982173060066998004913330078125000000000000000000000000000000000000000000000
0.4072928299877998647993138092715525999665260314941406250000000000000000000000000000000000000000000000
0.2703020094127200900757657109352294355630874633789062500000000000000000000000000000000000000000000000
0.2270657719142284702851242172982892952859401702880859375000000000000000000000000000000000000000000000
0.1887967249138505498873286114758229814469814300537109375000000000000000000000000000000000000000000000
0.2404025798642041578112582556059351190924644470214843750000000000000000000000000000000000000000000000
0.6276761491580790108812948346894700080156326293945312500000000000000000000000000000000000000000000000
0.1498636328837675557590358721427037380635738372802734375000000000000000000000000000000000000000000000
0.0853819708304515007091239908731949981302022933959960937500000000000000000000000000000000000000000000
0.4776264049558978652676444198732497170567512512207031250000000000000000000000000000000000000000000000
0.4471866947550971471692093928140820935368537902832031250000000000000000000000000000000000000000000000
0.2834123280975527903180477551359217613935470581054687500000000000000000000000000000000000000000000000
0.4380738329661654217872523986443411558866500854492187500000000000000000000000000000000000000000000000
0.0563955714079155748241767298623017268255352973937988281250000000000000000000000000000000000000000000
0.2316898886681026947798045512172393500804901123046875000000000000000000000000000000000000000000000000
-0.1509585347002740385313757087715202942490577697753906250000000000000000000000000000000000000000000000
-0.1817391870929191688421866501812473870813846588134765625000000000000000000000000000000000000000000000
0.0113865827841062999814525369401962962001562118530273437500000000000000000000000000000000000000000000
-0.0839126338069480226522500743158161640167236328125000000000000000000000000000000000000000000000000000
-0.1544481269845672521956458922431920655071735382080078125000000000000000000000000000000000000000000000
-0.4598693147044805029644010119227459654211997985839843750000000000000000000000000000000000000000000000
-0.2032244128463548404894822851929347962141036987304687500000000000000000000000000000000000000000000000
0.0425920196672254849912242491427605273202061653137207031250000000000000000000000000000000000000000000
0.3595191420878395827109841320634586736559867858886718750000000000000000000000000000000000000000000000
-0.2260887914739376780559609869669657200574874877929687500000000000000000000000000000000000000000000000
-0.3795197143926886673703791075240587815642356872558593750000000000000000000000000000000000000000000000
-0.4815602043211426042113032508495962247252464294433593750000000000000000000000000000000000000000000000
0.0378188023386644839307635379554994869977235794067382812500000000000000000000000000000000000000000000
-0.1453100329829704606687812429299810901284217834472656250000000000000000000000000000000000000000000000
-0.2972416460867933207801172557083191350102424621582031250000000000000000000000000000000000000000000000
-0.4005283515334149835318555687990738078951835632324218750000000000000000000000000000000000000000000000
0.1346330609424228885728780369390733540058135986328125000000000000000000000000000000000000000000000000
0.2960574237707119804596800349827390164136886596679687500000000000000000000000000000000000000000000000
-0.4158133981998599071339128840918419882655143737792968750000000000000000000000000000000000000000000000
0.0164879109443664788325900616428043576888740062713623046875000000000000000000000000000000000000000000
-0.0599233039224450619864015266102796886116266250610351562500000000000000000000000000000000000000000000
-0.2020931644145501082654448055109241977334022521972656250000000000000000000000000000000000000000000000
0.2711400668328856622402156517637195065617561340332031250000000000000000000000000000000000000000000000
0.2637282943595202211461980823514750227332115173339843750000000000000000000000000000000000000000000000
-0.3265303590513093379144038408412598073482513427734375000000000000000000000000000000000000000000000000
0.3053179691725080302511230456730118021368980407714843750000000000000000000000000000000000000000000000
0.0674811778067444523188100902189034968614578247070312500000000000000000000000000000000000000000000000
-0.5097093590549101049802516172348987311124801635742187500000000000000000000000000000000000000000000000
0.2302726941097222590482118675936362706124782562255859375000000000000000000000000000000000000000000000
0.0911600497446035384907503384965821169316768646240234375000000000000000000000000000000000000000000000
-0.1456186517052542039873941348560038022696971893310546875000000000000000000000000000000000000000000000
0.1248177433278129105920228880677314009517431259155273437500000000000000000000000000000000000000000000
0.3579880479004000082277059391344664618372917175292968750000000000000000000000000000000000000000000000
0.3304683813919649382206955579022178426384925842285156250000000000000000000000000000000000000000000000
-0.0525709648562672215987845447671134024858474731445312500000000000000000000000000000000000000000000000
-0.1480517527060677684946909948848770000040531158447265625000000000000000000000000000000000000000000000
-0.3126162763980755432413616290432401001453399658203125000000000000000000000000000000000000000000000000
0.0699137569194428487584502818208420649170875549316406250000000000000000000000000000000000000000000000
0.1725845933547670574270682664064224809408187866210937500000000000000000000000000000000000000000000000
0.0614907550365148269921888868339010514318943023681640625000000000000000000000000000000000000000000000
-0.2776327779382227745053057788027217611670494079589843750000000000000000000000000000000000000000000000
0.0808833468124392218623341932470793835818767547607421875000000000000000000000000000000000000000000000
0.0105329063544763786713920339366268308367580175399780273437500000000000000000000000000000000000000000
-0.0972315979758180265468681113816273864358663558959960937500000000000000000000000000000000000000000000
-0.0736798107070712610111584695005149114876985549926757812500000000000000000000000000000000000000000000
0.3131633881020330911759685932338470593094825744628906250000000000000000000000000000000000000000000000
-0.0619538443505307581671281980106869013980031013488769531250000000000000000000000000000000000000000000
-0.1355796535238281974589114042828441597521305084228515625000000000000000000000000000000000000000000000
0.2678414400454293131659255777776706963777542114257812500000000000000000000000000000000000000000000000
-0.2234005501178100705494955491303699091076850891113281250000000000000000000000000000000000000000000000
0.4686404272502573964409577911283122375607490539550781250000000000000000000000000000000000000000000000
0.0824283053139884258619929369160672649741172790527343750000000000000000000000000000000000000000000000
-0.2370799923713144408132791340904077515006065368652343750000000000000000000000000000000000000000000000
-0.4995537128223189182740782143810065463185310363769531250000000000000000000000000000000000000000000000
0.0532766479502323614392267359107790980488061904907226562500000000000000000000000000000000000000000000
0.2318618669513598795628439575011725537478923797607421875000000000000000000000000000000000000000000000
-0.1668256171600615289651869943554629571735858917236328125000000000000000000000000000000000000000000000
0.0537779182027539257027193286830879515036940574645996093750000000000000000000000000000000000000000000
0.1760090639136348555915390079462667927145957946777343750000000000000000000000000000000000000000000000
0.0592108330642485206074532300135615514591336250305175781250000000000000000000000000000000000000000000
0.2751734861069520254872600162343587726354598999023437500000000000000000000000000000000000000000000000
-0.1376670404813901682494758915709098801016807556152343750000000000000000000000000000000000000000000000
-0.0789610508483944845137258994327567052096128463745117187500000000000000000000000000000000000000000000
0.4137581955784765397332591874146601185202598571777343750000000000000000000000000000000000000000000000
0.3312369919343324808913564538670470938086509704589843750000000000000000000000000000000000000000000000
0.1638668851870740961196304397162748500704765319824218750000000000000000000000000000000000000000000000
-0.6001276142238121114047544324421323835849761962890625000000000000000000000000000000000000000000000000
0.0342602372461036849826676586872054031118750572204589843750000000000000000000000000000000000000000000
0.1317200185412739921186897618099465034902095794677734375000000000000000000000000000000000000000000000
0.0950738049408312302368528889928711578249931335449218750000000000000000000000000000000000000000000000
0.6177721050762738919104322121711447834968566894531250000000000000000000000000000000000000000000000000
-0.0427398668065515907610318890874623320996761322021484375000000000000000000000000000000000000000000000
-0.4590522872839288837099047668743878602981567382812500000000000000000000000000000000000000000000000000
-0.1908979287240155919835871145551209338009357452392578125000000000000000000000000000000000000000000000
0.4344839777375020806182703836384462192654609680175781250000000000000000000000000000000000000000000000
0.2660605616141069607039071343024261295795440673828125000000000000000000000000000000000000000000000000
0.0002214882277604028138276448522958617104450240731239318847656250000000000000000000000000000000000000
-0.0602443311612492343742886191648722160607576370239257812500000000000000000000000000000000000000000000
-0.1176409736536598305001177777739940211176872253417968750000000000000000000000000000000000000000000000
0.5466956148341881593921698367921635508537292480468750000000000000000000000000000000000000000000000000
-0.2846018187285529466024058820039499551057815551757812500000000000000000000000000000000000000000000000
-0.0627976499241026941966481444978853687644004821777343750000000000000000000000000000000000000000000000
-0.1718070446338632317750949596302234567701816558837890625000000000000000000000000000000000000000000000
-0.1911138459760709507051501532259862869977951049804687500000000000000000000000000000000000000000000000
0.1082833366795241947233563450936344452202320098876953125000000000000000000000000000000000000000000000
-0.2888262575323356506906691265612607821822166442871093750000000000000000000000000000000000000000000000
0.5688263115713821926888726920878980308771133422851562500000000000000000000000000000000000000000000000
-0.0743880794389219224260756391231552697718143463134765625000000000000000000000000000000000000000000000
-0.5745239571047888738064557401230558753013610839843750000000000000000000000000000000000000000000000000
0.1041047450207186197967956786669674329459667205810546875000000000000000000000000000000000000000000000
0.1046503137287454893167293334954592864960432052612304687500000000000000000000000000000000000000000000
-0.6985094573986212473926116217626258730888366699218750000000000000000000000000000000000000000000000000
0.0414203795063902910356112840872810920700430870056152343750000000000000000000000000000000000000000000
-0.1353779061316261189684695409596315585076808929443359375000000000000000000000000000000000000000000000
-0.0114748740990623047247831678419061063323169946670532226562500000000000000000000000000000000000000000
-0.0158214952878563616667229041468090144917368888854980468750000000000000000000000000000000000000000000
-0.0254822915183340048539406552663422189652919769287109375000000000000000000000000000000000000000000000
0.4343609530086141590210502272384474053978919982910156250000000000000000000000000000000000000000000000
0.4443873985191768016811408870125887915492057800292968750000000000000000000000000000000000000000000000
0.1201814523654463617852172774291830137372016906738281250000000000000000000000000000000000000000000000
-0.1979061133955468954059853103899513371288776397705078125000000000000000000000000000000000000000000000
0.4414928613934802625884401550138136371970176696777343750000000000000000000000000000000000000000000000
-0.1206852198738655179699463815268245525658130645751953125000000000000000000000000000000000000000000000
-0.0712974732611789951963743305896059609949588775634765625000000000000000000000000000000000000000000000
0.5682094038958325210586508546839468181133270263671875000000000000000000000000000000000000000000000000
0.0283797278467876196161867596856609452515840530395507812500000000000000000000000000000000000000000000
-0.4212889338937847449884088746330235153436660766601562500000000000000000000000000000000000000000000000
0.0341042189896512831781549834886391181498765945434570312500000000000000000000000000000000000000000000
-0.3104667883383545601283515225077280774712562561035156250000000000000000000000000000000000000000000000
0.2562555791113423908633706105320015922188758850097656250000000000000000000000000000000000000000000000
0.1277204861220062048765555573481833562254905700683593750000000000000000000000000000000000000000000000
-0.4046036485788816472464191065228078514337539672851562500000000000000000000000000000000000000000000000
0.2918605110192055707152292143291560932993888854980468750000000000000000000000000000000000000000000000
0.1610604976911632901792614802616299130022525787353515625000000000000000000000000000000000000000000000
-0.0214316850138746156639868445381580386310815811157226562500000000000000000000000000000000000000000000
-0.3410242669723903552458921240031486377120018005371093750000000000000000000000000000000000000000000000
-0.3798128556102136621497322721552336588501930236816406250000000000000000000000000000000000000000000000
0.1246489896531410984659160590126703027635812759399414062500000000000000000000000000000000000000000000
0.0580295689936408259912425933180202264338731765747070312500000000000000000000000000000000000000000000
-0.1911771180357677568650842658826150000095367431640625000000000000000000000000000000000000000000000000
-0.4728232382516512344317050065001240000128746032714843750000000000000000000000000000000000000000000000
0.0660169506444630987962440826777310576289892196655273437500000000000000000000000000000000000000000000
-0.5360388488756964164849705412052571773529052734375000000000000000000000000000000000000000000000000000
0.2124932330332014174256727301326463930308818817138671875000000000000000000000000000000000000000000000
-0.1147268940972244882781083674672117922455072402954101562500000000000000000000000000000000000000000000
0.0636683286138464005210479967900027986615896224975585937500000000000000000000000000000000000000000000
-0.0343831003527799647367935165220842463895678520202636718750000000000000000000000000000000000000000000
0.0172394905190524014293451671164802974089980125427246093750000000000000000000000000000000000000000000
-0.0076323285277925438999102603077062667580321431159973144531250000000000000000000000000000000000000000
0.0026988169888559291470508938459715864155441522598266601562500000000000000000000000000000000000000000
-0.0007749379542959393190812433793723812414100393652915954589843750000000000000000000000000000000000000
