0.4997972249984741210937500000000000000000000000000000000000000000000000000000000000000000000000000000
-1.8475663661956787109375000000000000000000000000000000000000000000000000000000000000000000000000000000
5.3233413696289062500000000000000000000000000000000000000000000000000000000000000000000000000000000000
-11.9155483245849609375000000000000000000000000000000000000000000000000000000000000000000000000000000000
23.9264411926269531250000000000000000000000000000000000000000000000000000000000000000000000000000000000
-45.1025543212890625000000000000000000000000000000000000000000000000000000000000000000000000000000000000
82.4736251831054687500000000000000000000000000000000000000000000000000000000000000000000000000000000000
-154.0832824707031250000000000000000000000000000000000000000000000000000000000000000000000000000000000000
380.1649169921875000000000000000000000000000000000000000000000000000000000000000000000000000000000000000
-128.9777984619140625000000000000000000000000000000000000000000000000000000000000000000000000000000000000
339.4401855468750000000000000000000000000000000000000000000000000000000000000000000000000000000000000000
114.0084304809570312500000000000000000000000000000000000000000000000000000000000000000000000000000000000
334.6513977050781250000000000000000000000000000000000000000000000000000000000000000000000000000000000000
-404.3880615234375000000000000000000000000000000000000000000000000000000000000000000000000000000000000000
219.4786529541015625000000000000000000000000000000000000000000000000000000000000000000000000000000000000
59.5282135009765625000000000000000000000000000000000000000000000000000000000000000000000000000000000000
229.7107086181640625000000000000000000000000000000000000000000000000000000000000000000000000000000000000
121.9645690917968750000000000000000000000000000000000000000000000000000000000000000000000000000000000000
-506.1618041992187500000000000000000000000000000000000000000000000000000000000000000000000000000000000000
100.3249282836914062500000000000000000000000000000000000000000000000000000000000000000000000000000000000
-485.9024658203125000000000000000000000000000000000000000000000000000000000000000000000000000000000000000
-86.6817016601562500000000000000000000000000000000000000000000000000000000000000000000000000000000000000
36.4497756958007812500000000000000000000000000000000000000000000000000000000000000000000000000000000000
74.8001785278320312500000000000000000000000000000000000000000000000000000000000000000000000000000000000
616.2062377929687500000000000000000000000000000000000000000000000000000000000000000000000000000000000000
-147.7989349365234375000000000000000000000000000000000000000000000000000000000000000000000000000000000000
-132.0092926025390625000000000000000000000000000000000000000000000000000000000000000000000000000000000000
155.3395233154296875000000000000000000000000000000000000000000000000000000000000000000000000000000000000
-231.5141754150390625000000000000000000000000000000000000000000000000000000000000000000000000000000000000
-48.8364372253417968750000000000000000000000000000000000000000000000000000000000000000000000000000000000
512.1421508789062500000000000000000000000000000000000000000000000000000000000000000000000000000000000000
215.1773834228515625000000000000000000000000000000000000000000000000000000000000000000000000000000000000
2.0458769798278808593750000000000000000000000000000000000000000000000000000000000000000000000000000000
548.1735839843750000000000000000000000000000000000000000000000000000000000000000000000000000000000000000
-23.9457130432128906250000000000000000000000000000000000000000000000000000000000000000000000000000000000
-584.6616210937500000000000000000000000000000000000000000000000000000000000000000000000000000000000000000
154.1615142822265625000000000000000000000000000000000000000000000000000000000000000000000000000000000000
247.3986053466796875000000000000000000000000000000000000000000000000000000000000000000000000000000000000
-390.4185485839843750000000000000000000000000000000000000000000000000000000000000000000000000000000000000
122.2108306884765625000000000000000000000000000000000000000000000000000000000000000000000000000000000000
427.7207641601562500000000000000000000000000000000000000000000000000000000000000000000000000000000000000
-66.0429077148437500000000000000000000000000000000000000000000000000000000000000000000000000000000000000
494.1632080078125000000000000000000000000000000000000000000000000000000000000000000000000000000000000000
86.6736526489257812500000000000000000000000000000000000000000000000000000000000000000000000000000000000
5.0728907585144042968750000000000000000000000000000000000000000000000000000000000000000000000000000000
163.3362426757812500000000000000000000000000000000000000000000000000000000000000000000000000000000000000
-299.8554687500000000000000000000000000000000000000000000000000000000000000000000000000000000000000000000
-98.5521240234375000000000000000000000000000000000000000000000000000000000000000000000000000000000000000
70.3176193237304687500000000000000000000000000000000000000000000000000000000000000000000000000000000000
-1.8286118507385253906250000000000000000000000000000000000000000000000000000000000000000000000000000000
-18.5266094207763671875000000000000000000000000000000000000000000000000000000000000000000000000000000000
182.1069793701171875000000000000000000000000000000000000000000000000000000000000000000000000000000000000
668.6500854492187500000000000000000000000000000000000000000000000000000000000000000000000000000000000000
-110.4691009521484375000000000000000000000000000000000000000000000000000000000000000000000000000000000000
-144.1424407958984375000000000000000000000000000000000000000000000000000000000000000000000000000000000000
445.2646484375000000000000000000000000000000000000000000000000000000000000000000000000000000000000000000
-231.3051757812500000000000000000000000000000000000000000000000000000000000000000000000000000000000000000
-405.0511474609375000000000000000000000000000000000000000000000000000000000000000000000000000000000000000
107.2336196899414062500000000000000000000000000000000000000000000000000000000000000000000000000000000000
-113.5565567016601562500000000000000000000000000000000000000000000000000000000000000000000000000000000000
-111.1258392333984375000000000000000000000000000000000000000000000000000000000000000000000000000000000000
320.4394531250000000000000000000000000000000000000000000000000000000000000000000000000000000000000000000
72.8626556396484375000000000000000000000000000000000000000000000000000000000000000000000000000000000000
324.6484375000000000000000000000000000000000000000000000000000000000000000000000000000000000000000000000
65.4224777221679687500000000000000000000000000000000000000000000000000000000000000000000000000000000000
47.3422737121582031250000000000000000000000000000000000000000000000000000000000000000000000000000000000
441.3969726562500000000000000000000000000000000000000000000000000000000000000000000000000000000000000000
-69.9095764160156250000000000000000000000000000000000000000000000000000000000000000000000000000000000000
-494.9287719726562500000000000000000000000000000000000000000000000000000000000000000000000000000000000000
-125.1264953613281250000000000000000000000000000000000000000000000000000000000000000000000000000000000000
176.2843322753906250000000000000000000000000000000000000000000000000000000000000000000000000000000000000
528.7338256835937500000000000000000000000000000000000000000000000000000000000000000000000000000000000000
293.0917663574218750000000000000000000000000000000000000000000000000000000000000000000000000000000000000
376.2073974609375000000000000000000000000000000000000000000000000000000000000000000000000000000000000000
10.8956966400146484375000000000000000000000000000000000000000000000000000000000000000000000000000000000
-379.9155883789062500000000000000000000000000000000000000000000000000000000000000000000000000000000000000
-484.5430603027343750000000000000000000000000000000000000000000000000000000000000000000000000000000000000
14.5991096496582031250000000000000000000000000000000000000000000000000000000000000000000000000000000000
418.9166564941406250000000000000000000000000000000000000000000000000000000000000000000000000000000000000
-467.7637939453125000000000000000000000000000000000000000000000000000000000000000000000000000000000000000
182.4777374267578125000000000000000000000000000000000000000000000000000000000000000000000000000000000000
198.3004302978515625000000000000000000000000000000000000000000000000000000000000000000000000000000000000
346.8167419433593750000000000000000000000000000000000000000000000000000000000000000000000000000000000000
74.1339645385742187500000000000000000000000000000000000000000000000000000000000000000000000000000000000
197.7528228759765625000000000000000000000000000000000000000000000000000000000000000000000000000000000000
113.8486633300781250000000000000000000000000000000000000000000000000000000000000000000000000000000000000
-13.5746841430664062500000000000000000000000000000000000000000000000000000000000000000000000000000000000
168.9135131835937500000000000000000000000000000000000000000000000000000000000000000000000000000000000000
-330.6524658203125000000000000000000000000000000000000000000000000000000000000000000000000000000000000000
-246.6273345947265625000000000000000000000000000000000000000000000000000000000000000000000000000000000000
-470.4150390625000000000000000000000000000000000000000000000000000000000000000000000000000000000000000000
101.1009368896484375000000000000000000000000000000000000000000000000000000000000000000000000000000000000
28.1634235382080078125000000000000000000000000000000000000000000000000000000000000000000000000000000000
-154.9238433837890625000000000000000000000000000000000000000000000000000000000000000000000000000000000000
-205.5494232177734375000000000000000000000000000000000000000000000000000000000000000000000000000000000000
-149.6273651123046875000000000000000000000000000000000000000000000000000000000000000000000000000000000000
-410.5423583984375000000000000000000000000000000000000000000000000000000000000000000000000000000000000000
-327.0442199707031250000000000000000000000000000000000000000000000000000000000000000000000000000000000000
-164.7945556640625000000000000000000000000000000000000000000000000000000000000000000000000000000000000000
-276.2395019531250000000000000000000000000000000000000000000000000000000000000000000000000000000000000000
62.2990570068359375000000000000000000000000000000000000000000000000000000000000000000000000000000000000
174.8586730957031250000000000000000000000000000000000000000000000000000000000000000000000000000000000000
28.3485031127929687500000000000000000000000000000000000000000000000000000000000000000000000000000000000
-502.2723693847656250000000000000000000000000000000000000000000000000000000000000000000000000000000000000
76.6844482421875000000000000000000000000000000000000000000000000000000000000000000000000000000000000000
-84.5814437866210937500000000000000000000000000000000000000000000000000000000000000000000000000000000000
-143.1397857666015625000000000000000000000000000000000000000000000000000000000000000000000000000000000000
-68.2284088134765625000000000000000000000000000000000000000000000000000000000000000000000000000000000000
-216.6137237548828125000000000000000000000000000000000000000000000000000000000000000000000000000000000000
31.9962902069091796875000000000000000000000000000000000000000000000000000000000000000000000000000000000
450.6174316406250000000000000000000000000000000000000000000000000000000000000000000000000000000000000000
-50.3376770019531250000000000000000000000000000000000000000000000000000000000000000000000000000000000000
-261.0855407714843750000000000000000000000000000000000000000000000000000000000000000000000000000000000000
154.0186767578125000000000000000000000000000000000000000000000000000000000000000000000000000000000000000
-228.2261810302734375000000000000000000000000000000000000000000000000000000000000000000000000000000000000
452.1890258789062500000000000000000000000000000000000000000000000000000000000000000000000000000000000000
395.9838256835937500000000000000000000000000000000000000000000000000000000000000000000000000000000000000
559.0882568359375000000000000000000000000000000000000000000000000000000000000000000000000000000000000000
-258.2851257324218750000000000000000000000000000000000000000000000000000000000000000000000000000000000000
29.4504871368408203125000000000000000000000000000000000000000000000000000000000000000000000000000000000
-104.3404617309570312500000000000000000000000000000000000000000000000000000000000000000000000000000000000
17.9582386016845703125000000000000000000000000000000000000000000000000000000000000000000000000000000000
79.7471694946289062500000000000000000000000000000000000000000000000000000000000000000000000000000000000
-322.6786804199218750000000000000000000000000000000000000000000000000000000000000000000000000000000000000
162.2861480712890625000000000000000000000000000000000000000000000000000000000000000000000000000000000000
-366.5486145019531250000000000000000000000000000000000000000000000000000000000000000000000000000000000000
-91.1785278320312500000000000000000000000000000000000000000000000000000000000000000000000000000000000000
460.0664062500000000000000000000000000000000000000000000000000000000000000000000000000000000000000000000
24.1465129852294921875000000000000000000000000000000000000000000000000000000000000000000000000000000000
-543.6721191406250000000000000000000000000000000000000000000000000000000000000000000000000000000000000000
176.5556793212890625000000000000000000000000000000000000000000000000000000000000000000000000000000000000
410.9946594238281250000000000000000000000000000000000000000000000000000000000000000000000000000000000000
434.3493652343750000000000000000000000000000000000000000000000000000000000000000000000000000000000000000
61.2777252197265625000000000000000000000000000000000000000000000000000000000000000000000000000000000000
80.9771347045898437500000000000000000000000000000000000000000000000000000000000000000000000000000000000
170.7831878662109375000000000000000000000000000000000000000000000000000000000000000000000000000000000000
63.8002624511718750000000000000000000000000000000000000000000000000000000000000000000000000000000000000
-89.4644012451171875000000000000000000000000000000000000000000000000000000000000000000000000000000000000
-164.3553924560546875000000000000000000000000000000000000000000000000000000000000000000000000000000000000
391.5347595214843750000000000000000000000000000000000000000000000000000000000000000000000000000000000000
117.9655380249023437500000000000000000000000000000000000000000000000000000000000000000000000000000000000
-266.1541748046875000000000000000000000000000000000000000000000000000000000000000000000000000000000000000
-296.6709899902343750000000000000000000000000000000000000000000000000000000000000000000000000000000000000
-342.3161010742187500000000000000000000000000000000000000000000000000000000000000000000000000000000000000
323.9499511718750000000000000000000000000000000000000000000000000000000000000000000000000000000000000000
268.6998901367187500000000000000000000000000000000000000000000000000000000000000000000000000000000000000
399.8545532226562500000000000000000000000000000000000000000000000000000000000000000000000000000000000000
-23.7151165008544921875000000000000000000000000000000000000000000000000000000000000000000000000000000000
-255.2961120605468750000000000000000000000000000000000000000000000000000000000000000000000000000000000000
66.4222183227539062500000000000000000000000000000000000000000000000000000000000000000000000000000000000
-78.2433471679687500000000000000000000000000000000000000000000000000000000000000000000000000000000000000
-124.6250839233398437500000000000000000000000000000000000000000000000000000000000000000000000000000000000
330.6567077636718750000000000000000000000000000000000000000000000000000000000000000000000000000000000000
32.9056091308593750000000000000000000000000000000000000000000000000000000000000000000000000000000000000
-209.3547210693359375000000000000000000000000000000000000000000000000000000000000000000000000000000000000
-26.9405002593994140625000000000000000000000000000000000000000000000000000000000000000000000000000000000
-567.5347900390625000000000000000000000000000000000000000000000000000000000000000000000000000000000000000
111.0181884765625000000000000000000000000000000000000000000000000000000000000000000000000000000000000000
494.2460021972656250000000000000000000000000000000000000000000000000000000000000000000000000000000000000
-295.2587585449218750000000000000000000000000000000000000000000000000000000000000000000000000000000000000
120.6834106445312500000000000000000000000000000000000000000000000000000000000000000000000000000000000000
-185.3921508789062500000000000000000000000000000000000000000000000000000000000000000000000000000000000000
-90.3511886596679687500000000000000000000000000000000000000000000000000000000000000000000000000000000000
278.7039794921875000000000000000000000000000000000000000000000000000000000000000000000000000000000000000
172.0992889404296875000000000000000000000000000000000000000000000000000000000000000000000000000000000000
-59.6122512817382812500000000000000000000000000000000000000000000000000000000000000000000000000000000000
-236.4940643310546875000000000000000000000000000000000000000000000000000000000000000000000000000000000000
-19.7241764068603515625000000000000000000000000000000000000000000000000000000000000000000000000000000000
-485.1237182617187500000000000000000000000000000000000000000000000000000000000000000000000000000000000000
-207.1105194091796875000000000000000000000000000000000000000000000000000000000000000000000000000000000000
-263.0385437011718750000000000000000000000000000000000000000000000000000000000000000000000000000000000000
-208.6135253906250000000000000000000000000000000000000000000000000000000000000000000000000000000000000000
-64.8806076049804687500000000000000000000000000000000000000000000000000000000000000000000000000000000000
-250.8350524902343750000000000000000000000000000000000000000000000000000000000000000000000000000000000000
125.4385375976562500000000000000000000000000000000000000000000000000000000000000000000000000000000000000
306.1012573242187500000000000000000000000000000000000000000000000000000000000000000000000000000000000000
121.4655990600585937500000000000000000000000000000000000000000000000000000000000000000000000000000000000
76.8102035522460937500000000000000000000000000000000000000000000000000000000000000000000000000000000000
-160.0237426757812500000000000000000000000000000000000000000000000000000000000000000000000000000000000000
-254.3889923095703125000000000000000000000000000000000000000000000000000000000000000000000000000000000000
45.6834564208984375000000000000000000000000000000000000000000000000000000000000000000000000000000000000
67.3167037963867187500000000000000000000000000000000000000000000000000000000000000000000000000000000000
-181.8310852050781250000000000000000000000000000000000000000000000000000000000000000000000000000000000000
-113.3763961791992187500000000000000000000000000000000000000000000000000000000000000000000000000000000000
-397.0026245117187500000000000000000000000000000000000000000000000000000000000000000000000000000000000000
-23.8042964935302734375000000000000000000000000000000000000000000000000000000000000000000000000000000000
135.2918090820312500000000000000000000000000000000000000000000000000000000000000000000000000000000000000
25.3689708709716796875000000000000000000000000000000000000000000000000000000000000000000000000000000000
202.2560729980468750000000000000000000000000000000000000000000000000000000000000000000000000000000000000
-56.1653022766113281250000000000000000000000000000000000000000000000000000000000000000000000000000000000
-84.0773773193359375000000000000000000000000000000000000000000000000000000000000000000000000000000000000
628.4924926757812500000000000000000000000000000000000000000000000000000000000000000000000000000000000000
-71.0277328491210937500000000000000000000000000000000000000000000000000000000000000000000000000000000000
-118.0200271606445312500000000000000000000000000000000000000000000000000000000000000000000000000000000000
204.0195770263671875000000000000000000000000000000000000000000000000000000000000000000000000000000000000
86.3352661132812500000000000000000000000000000000000000000000000000000000000000000000000000000000000000
505.1817321777343750000000000000000000000000000000000000000000000000000000000000000000000000000000000000
83.4302825927734375000000000000000000000000000000000000000000000000000000000000000000000000000000000000
-41.9685897827148437500000000000000000000000000000000000000000000000000000000000000000000000000000000000
122.9997406005859375000000000000000000000000000000000000000000000000000000000000000000000000000000000000
159.0198974609375000000000000000000000000000000000000000000000000000000000000000000000000000000000000000
-276.4611511230468750000000000000000000000000000000000000000000000000000000000000000000000000000000000000
-242.0415649414062500000000000000000000000000000000000000000000000000000000000000000000000000000000000000
-1.9730019569396972656250000000000000000000000000000000000000000000000000000000000000000000000000000000
315.8465270996093750000000000000000000000000000000000000000000000000000000000000000000000000000000000000
-51.9521064758300781250000000000000000000000000000000000000000000000000000000000000000000000000000000000
-444.2925720214843750000000000000000000000000000000000000000000000000000000000000000000000000000000000000
-136.8902282714843750000000000000000000000000000000000000000000000000000000000000000000000000000000000000
31.2031936645507812500000000000000000000000000000000000000000000000000000000000000000000000000000000000
33.4374504089355468750000000000000000000000000000000000000000000000000000000000000000000000000000000000
19.2357120513916015625000000000000000000000000000000000000000000000000000000000000000000000000000000000
-327.1962585449218750000000000000000000000000000000000000000000000000000000000000000000000000000000000000
-194.1162109375000000000000000000000000000000000000000000000000000000000000000000000000000000000000000000
291.6094970703125000000000000000000000000000000000000000000000000000000000000000000000000000000000000000
68.7668533325195312500000000000000000000000000000000000000000000000000000000000000000000000000000000000
-5.7978167533874511718750000000000000000000000000000000000000000000000000000000000000000000000000000000
-44.0143737792968750000000000000000000000000000000000000000000000000000000000000000000000000000000000000
-201.1402740478515625000000000000000000000000000000000000000000000000000000000000000000000000000000000000
-96.5546035766601562500000000000000000000000000000000000000000000000000000000000000000000000000000000000
-192.7218475341796875000000000000000000000000000000000000000000000000000000000000000000000000000000000000
-142.5644836425781250000000000000000000000000000000000000000000000000000000000000000000000000000000000000
-266.5786743164062500000000000000000000000000000000000000000000000000000000000000000000000000000000000000
-237.7053527832031250000000000000000000000000000000000000000000000000000000000000000000000000000000000000
378.2036132812500000000000000000000000000000000000000000000000000000000000000000000000000000000000000000
-177.1739349365234375000000000000000000000000000000000000000000000000000000000000000000000000000000000000
314.5934143066406250000000000000000000000000000000000000000000000000000000000000000000000000000000000000
-229.3952178955078125000000000000000000000000000000000000000000000000000000000000000000000000000000000000
-83.6994476318359375000000000000000000000000000000000000000000000000000000000000000000000000000000000000
382.8640136718750000000000000000000000000000000000000000000000000000000000000000000000000000000000000000
-166.3664855957031250000000000000000000000000000000000000000000000000000000000000000000000000000000000000
33.5218200683593750000000000000000000000000000000000000000000000000000000000000000000000000000000000000
401.6882934570312500000000000000000000000000000000000000000000000000000000000000000000000000000000000000
85.3525314331054687500000000000000000000000000000000000000000000000000000000000000000000000000000000000
-349.8544616699218750000000000000000000000000000000000000000000000000000000000000000000000000000000000000
348.8525085449218750000000000000000000000000000000000000000000000000000000000000000000000000000000000000
-327.3749084472656250000000000000000000000000000000000000000000000000000000000000000000000000000000000000
80.7565307617187500000000000000000000000000000000000000000000000000000000000000000000000000000000000000
252.8793792724609375000000000000000000000000000000000000000000000000000000000000000000000000000000000000
-5.2529006004333496093750000000000000000000000000000000000000000000000000000000000000000000000000000000
-121.1812667846679687500000000000000000000000000000000000000000000000000000000000000000000000000000000000
-0.5146949291229248046875000000000000000000000000000000000000000000000000000000000000000000000000000000
426.1695861816406250000000000000000000000000000000000000000000000000000000000000000000000000000000000000
-389.5109863281250000000000000000000000000000000000000000000000000000000000000000000000000000000000000000
-188.0440673828125000000000000000000000000000000000000000000000000000000000000000000000000000000000000000
-220.2281036376953125000000000000000000000000000000000000000000000000000000000000000000000000000000000000
-378.5621948242187500000000000000000000000000000000000000000000000000000000000000000000000000000000000000
376.9717407226562500000000000000000000000000000000000000000000000000000000000000000000000000000000000000
206.6361541748046875000000000000000000000000000000000000000000000000000000000000000000000000000000000000
139.5315093994140625000000000000000000000000000000000000000000000000000000000000000000000000000000000000
-93.4572372436523437500000000000000000000000000000000000000000000000000000000000000000000000000000000000
-252.3557434082031250000000000000000000000000000000000000000000000000000000000000000000000000000000000000
213.5657501220703125000000000000000000000000000000000000000000000000000000000000000000000000000000000000
34.1243247985839843750000000000000000000000000000000000000000000000000000000000000000000000000000000000
155.2429199218750000000000000000000000000000000000000000000000000000000000000000000000000000000000000000
-48.6741981506347656250000000000000000000000000000000000000000000000000000000000000000000000000000000000
75.2894897460937500000000000000000000000000000000000000000000000000000000000000000000000000000000000000
-50.8107185363769531250000000000000000000000000000000000000000000000000000000000000000000000000000000000
72.6117858886718750000000000000000000000000000000000000000000000000000000000000000000000000000000000000
-75.8004913330078125000000000000000000000000000000000000000000000000000000000000000000000000000000000000
-90.2301635742187500000000000000000000000000000000000000000000000000000000000000000000000000000000000000
-60.8590164184570312500000000000000000000000000000000000000000000000000000000000000000000000000000000000
14.5056781768798828125000000000000000000000000000000000000000000000000000000000000000000000000000000000
451.2038879394531250000000000000000000000000000000000000000000000000000000000000000000000000000000000000
-81.5277023315429687500000000000000000000000000000000000000000000000000000000000000000000000000000000000
-337.1799316406250000000000000000000000000000000000000000000000000000000000000000000000000000000000000000
252.9699401855468750000000000000000000000000000000000000000000000000000000000000000000000000000000000000
-95.6289901733398437500000000000000000000000000000000000000000000000000000000000000000000000000000000000
-43.5546073913574218750000000000000000000000000000000000000000000000000000000000000000000000000000000000
33.9652099609375000000000000000000000000000000000000000000000000000000000000000000000000000000000000000
-481.8378906250000000000000000000000000000000000000000000000000000000000000000000000000000000000000000000
-373.7102355957031250000000000000000000000000000000000000000000000000000000000000000000000000000000000000
-9.1454963684082031250000000000000000000000000000000000000000000000000000000000000000000000000000000000
-71.8461532592773437500000000000000000000000000000000000000000000000000000000000000000000000000000000000
-80.1867523193359375000000000000000000000000000000000000000000000000000000000000000000000000000000000000
-163.2355346679687500000000000000000000000000000000000000000000000000000000000000000000000000000000000000
-373.8918151855468750000000000000000000000000000000000000000000000000000000000000000000000000000000000000
363.1772155761718750000000000000000000000000000000000000000000000000000000000000000000000000000000000000
-24.4615688323974609375000000000000000000000000000000000000000000000000000000000000000000000000000000000
-87.7171020507812500000000000000000000000000000000000000000000000000000000000000000000000000000000000000
316.9277038574218750000000000000000000000000000000000000000000000000000000000000000000000000000000000000
38.8174591064453125000000000000000000000000000000000000000000000000000000000000000000000000000000000000
-450.7595214843750000000000000000000000000000000000000000000000000000000000000000000000000000000000000000
-199.0864562988281250000000000000000000000000000000000000000000000000000000000000000000000000000000000000
-133.3853149414062500000000000000000000000000000000000000000000000000000000000000000000000000000000000000
125.3684082031250000000000000000000000000000000000000000000000000000000000000000000000000000000000000000
442.0815734863281250000000000000000000000000000000000000000000000000000000000000000000000000000000000000
-108.8181991577148437500000000000000000000000000000000000000000000000000000000000000000000000000000000000
260.2652282714843750000000000000000000000000000000000000000000000000000000000000000000000000000000000000
378.9895629882812500000000000000000000000000000000000000000000000000000000000000000000000000000000000000
186.4436798095703125000000000000000000000000000000000000000000000000000000000000000000000000000000000000
-6.9433307647705078125000000000000000000000000000000000000000000000000000000000000000000000000000000000
-161.3534088134765625000000000000000000000000000000000000000000000000000000000000000000000000000000000000
-0.4856666326522827148437500000000000000000000000000000000000000000000000000000000000000000000000000000
197.5056457519531250000000000000000000000000000000000000000000000000000000000000000000000000000000000000
34.4132232666015625000000000000000000000000000000000000000000000000000000000000000000000000000000000000
-552.7461547851562500000000000000000000000000000000000000000000000000000000000000000000000000000000000000
-102.4825363159179687500000000000000000000000000000000000000000000000000000000000000000000000000000000000
343.5038757324218750000000000000000000000000000000000000000000000000000000000000000000000000000000000000
-244.8949432373046875000000000000000000000000000000000000000000000000000000000000000000000000000000000000
-440.7501525878906250000000000000000000000000000000000000000000000000000000000000000000000000000000000000
-16.3281250000000000000000000000000000000000000000000000000000000000000000000000000000000000000000000000
96.2569427490234375000000000000000000000000000000000000000000000000000000000000000000000000000000000000
306.6079101562500000000000000000000000000000000000000000000000000000000000000000000000000000000000000000
83.7493820190429687500000000000000000000000000000000000000000000000000000000000000000000000000000000000
-50.4570693969726562500000000000000000000000000000000000000000000000000000000000000000000000000000000000
237.8364410400390625000000000000000000000000000000000000000000000000000000000000000000000000000000000000
-376.3968505859375000000000000000000000000000000000000000000000000000000000000000000000000000000000000000
-21.2644672393798828125000000000000000000000000000000000000000000000000000000000000000000000000000000000
198.5427093505859375000000000000000000000000000000000000000000000000000000000000000000000000000000000000
-44.2547492980957031250000000000000000000000000000000000000000000000000000000000000000000000000000000000
343.8048400878906250000000000000000000000000000000000000000000000000000000000000000000000000000000000000
-373.7153930664062500000000000000000000000000000000000000000000000000000000000000000000000000000000000000
-222.4650573730468750000000000000000000000000000000000000000000000000000000000000000000000000000000000000
-211.6855163574218750000000000000000000000000000000000000000000000000000000000000000000000000000000000000
188.4415283203125000000000000000000000000000000000000000000000000000000000000000000000000000000000000000
332.3155212402343750000000000000000000000000000000000000000000000000000000000000000000000000000000000000
39.9353294372558593750000000000000000000000000000000000000000000000000000000000000000000000000000000000
117.2313613891601562500000000000000000000000000000000000000000000000000000000000000000000000000000000000
-280.0843200683593750000000000000000000000000000000000000000000000000000000000000000000000000000000000000
155.3051757812500000000000000000000000000000000000000000000000000000000000000000000000000000000000000000
498.4509277343750000000000000000000000000000000000000000000000000000000000000000000000000000000000000000
273.8724975585937500000000000000000000000000000000000000000000000000000000000000000000000000000000000000
-384.2019958496093750000000000000000000000000000000000000000000000000000000000000000000000000000000000000
12.9509601593017578125000000000000000000000000000000000000000000000000000000000000000000000000000000000
-14.3916978836059570312500000000000000000000000000000000000000000000000000000000000000000000000000000000
128.6172790527343750000000000000000000000000000000000000000000000000000000000000000000000000000000000000
184.2291870117187500000000000000000000000000000000000000000000000000000000000000000000000000000000000000
-150.2031402587890625000000000000000000000000000000000000000000000000000000000000000000000000000000000000
180.3388061523437500000000000000000000000000000000000000000000000000000000000000000000000000000000000000
14.3168373107910156250000000000000000000000000000000000000000000000000000000000000000000000000000000000
-186.9377593994140625000000000000000000000000000000000000000000000000000000000000000000000000000000000000
-209.9843292236328125000000000000000000000000000000000000000000000000000000000000000000000000000000000000
11.8112554550170898437500000000000000000000000000000000000000000000000000000000000000000000000000000000
40.2505683898925781250000000000000000000000000000000000000000000000000000000000000000000000000000000000
533.3970336914062500000000000000000000000000000000000000000000000000000000000000000000000000000000000000
140.2611236572265625000000000000000000000000000000000000000000000000000000000000000000000000000000000000
181.5685577392578125000000000000000000000000000000000000000000000000000000000000000000000000000000000000
-106.6434783935546875000000000000000000000000000000000000000000000000000000000000000000000000000000000000
-324.3382263183593750000000000000000000000000000000000000000000000000000000000000000000000000000000000000
357.1593322753906250000000000000000000000000000000000000000000000000000000000000000000000000000000000000
436.2958068847656250000000000000000000000000000000000000000000000000000000000000000000000000000000000000
73.9967193603515625000000000000000000000000000000000000000000000000000000000000000000000000000000000000
-262.4573059082031250000000000000000000000000000000000000000000000000000000000000000000000000000000000000
-361.3759765625000000000000000000000000000000000000000000000000000000000000000000000000000000000000000000
67.5451126098632812500000000000000000000000000000000000000000000000000000000000000000000000000000000000
530.8508911132812500000000000000000000000000000000000000000000000000000000000000000000000000000000000000
-234.4617614746093750000000000000000000000000000000000000000000000000000000000000000000000000000000000000
-361.2888793945312500000000000000000000000000000000000000000000000000000000000000000000000000000000000000
269.3470764160156250000000000000000000000000000000000000000000000000000000000000000000000000000000000000
49.2184066772460937500000000000000000000000000000000000000000000000000000000000000000000000000000000000
-335.0588684082031250000000000000000000000000000000000000000000000000000000000000000000000000000000000000
295.2561950683593750000000000000000000000000000000000000000000000000000000000000000000000000000000000000
156.6478881835937500000000000000000000000000000000000000000000000000000000000000000000000000000000000000
-489.2364501953125000000000000000000000000000000000000000000000000000000000000000000000000000000000000000
-294.0177001953125000000000000000000000000000000000000000000000000000000000000000000000000000000000000000
-254.9268951416015625000000000000000000000000000000000000000000000000000000000000000000000000000000000000
-233.5642700195312500000000000000000000000000000000000000000000000000000000000000000000000000000000000000
464.6674194335937500000000000000000000000000000000000000000000000000000000000000000000000000000000000000
123.3953781127929687500000000000000000000000000000000000000000000000000000000000000000000000000000000000
360.9898071289062500000000000000000000000000000000000000000000000000000000000000000000000000000000000000
79.5246276855468750000000000000000000000000000000000000000000000000000000000000000000000000000000000000
-16.1214218139648437500000000000000000000000000000000000000000000000000000000000000000000000000000000000
231.8746185302734375000000000000000000000000000000000000000000000000000000000000000000000000000000000000
-248.6924743652343750000000000000000000000000000000000000000000000000000000000000000000000000000000000000
-151.3580169677734375000000000000000000000000000000000000000000000000000000000000000000000000000000000000
-157.0346832275390625000000000000000000000000000000000000000000000000000000000000000000000000000000000000
-293.4626464843750000000000000000000000000000000000000000000000000000000000000000000000000000000000000000
-157.6008605957031250000000000000000000000000000000000000000000000000000000000000000000000000000000000000
39.0687828063964843750000000000000000000000000000000000000000000000000000000000000000000000000000000000
247.6456756591796875000000000000000000000000000000000000000000000000000000000000000000000000000000000000
338.4803771972656250000000000000000000000000000000000000000000000000000000000000000000000000000000000000
-344.3282775878906250000000000000000000000000000000000000000000000000000000000000000000000000000000000000
-41.1779327392578125000000000000000000000000000000000000000000000000000000000000000000000000000000000000
-176.9295196533203125000000000000000000000000000000000000000000000000000000000000000000000000000000000000
-236.4383697509765625000000000000000000000000000000000000000000000000000000000000000000000000000000000000
439.9205627441406250000000000000000000000000000000000000000000000000000000000000000000000000000000000000
175.1950988769531250000000000000000000000000000000000000000000000000000000000000000000000000000000000000
-98.8107910156250000000000000000000000000000000000000000000000000000000000000000000000000000000000000000
597.3977661132812500000000000000000000000000000000000000000000000000000000000000000000000000000000000000
-16.4833545684814453125000000000000000000000000000000000000000000000000000000000000000000000000000000000
50.9705772399902343750000000000000000000000000000000000000000000000000000000000000000000000000000000000
453.8955993652343750000000000000000000000000000000000000000000000000000000000000000000000000000000000000
-114.8167572021484375000000000000000000000000000000000000000000000000000000000000000000000000000000000000
132.1809387207031250000000000000000000000000000000000000000000000000000000000000000000000000000000000000
111.0820999145507812500000000000000000000000000000000000000000000000000000000000000000000000000000000000
131.7261962890625000000000000000000000000000000000000000000000000000000000000000000000000000000000000000
455.5788574218750000000000000000000000000000000000000000000000000000000000000000000000000000000000000000
-233.4393157958984375000000000000000000000000000000000000000000000000000000000000000000000000000000000000
-190.1207275390625000000000000000000000000000000000000000000000000000000000000000000000000000000000000000
-4.8693232536315917968750000000000000000000000000000000000000000000000000000000000000000000000000000000
333.5871276855468750000000000000000000000000000000000000000000000000000000000000000000000000000000000000
72.8525238037109375000000000000000000000000000000000000000000000000000000000000000000000000000000000000
-469.0860595703125000000000000000000000000000000000000000000000000000000000000000000000000000000000000000
98.6721420288085937500000000000000000000000000000000000000000000000000000000000000000000000000000000000
-68.7944717407226562500000000000000000000000000000000000000000000000000000000000000000000000000000000000
-140.3838806152343750000000000000000000000000000000000000000000000000000000000000000000000000000000000000
232.8403778076171875000000000000000000000000000000000000000000000000000000000000000000000000000000000000
399.1377258300781250000000000000000000000000000000000000000000000000000000000000000000000000000000000000
-411.9223937988281250000000000000000000000000000000000000000000000000000000000000000000000000000000000000
-46.7719154357910156250000000000000000000000000000000000000000000000000000000000000000000000000000000000
151.3174896240234375000000000000000000000000000000000000000000000000000000000000000000000000000000000000
6.1815147399902343750000000000000000000000000000000000000000000000000000000000000000000000000000000000
-119.4441833496093750000000000000000000000000000000000000000000000000000000000000000000000000000000000000
419.3786010742187500000000000000000000000000000000000000000000000000000000000000000000000000000000000000
30.6185550689697265625000000000000000000000000000000000000000000000000000000000000000000000000000000000
-174.1177520751953125000000000000000000000000000000000000000000000000000000000000000000000000000000000000
331.8453979492187500000000000000000000000000000000000000000000000000000000000000000000000000000000000000
132.0152893066406250000000000000000000000000000000000000000000000000000000000000000000000000000000000000
85.0225296020507812500000000000000000000000000000000000000000000000000000000000000000000000000000000000
-549.5726318359375000000000000000000000000000000000000000000000000000000000000000000000000000000000000000
-71.4252853393554687500000000000000000000000000000000000000000000000000000000000000000000000000000000000
-415.1315307617187500000000000000000000000000000000000000000000000000000000000000000000000000000000000000
-44.7192611694335937500000000000000000000000000000000000000000000000000000000000000000000000000000000000
292.0327453613281250000000000000000000000000000000000000000000000000000000000000000000000000000000000000
212.5777130126953125000000000000000000000000000000000000000000000000000000000000000000000000000000000000
7.4137239456176757812500000000000000000000000000000000000000000000000000000000000000000000000000000000
-273.9573364257812500000000000000000000000000000000000000000000000000000000000000000000000000000000000000
-54.9213104248046875000000000000000000000000000000000000000000000000000000000000000000000000000000000000
53.2025642395019531250000000000000000000000000000000000000000000000000000000000000000000000000000000000
53.2966117858886718750000000000000000000000000000000000000000000000000000000000000000000000000000000000
-255.8693084716796875000000000000000000000000000000000000000000000000000000000000000000000000000000000000
292.1495666503906250000000000000000000000000000000000000000000000000000000000000000000000000000000000000
-141.2084960937500000000000000000000000000000000000000000000000000000000000000000000000000000000000000000
-192.8466186523437500000000000000000000000000000000000000000000000000000000000000000000000000000000000000
212.1291046142578125000000000000000000000000000000000000000000000000000000000000000000000000000000000000
611.3048706054687500000000000000000000000000000000000000000000000000000000000000000000000000000000000000
33.1946525573730468750000000000000000000000000000000000000000000000000000000000000000000000000000000000
-80.4548034667968750000000000000000000000000000000000000000000000000000000000000000000000000000000000000
506.7347106933593750000000000000000000000000000000000000000000000000000000000000000000000000000000000000
-121.6951599121093750000000000000000000000000000000000000000000000000000000000000000000000000000000000000
-242.5431365966796875000000000000000000000000000000000000000000000000000000000000000000000000000000000000
213.1279449462890625000000000000000000000000000000000000000000000000000000000000000000000000000000000000
432.6205444335937500000000000000000000000000000000000000000000000000000000000000000000000000000000000000
-297.7335510253906250000000000000000000000000000000000000000000000000000000000000000000000000000000000000
40.0433044433593750000000000000000000000000000000000000000000000000000000000000000000000000000000000000
530.5625610351562500000000000000000000000000000000000000000000000000000000000000000000000000000000000000
53.0073966979980468750000000000000000000000000000000000000000000000000000000000000000000000000000000000
120.5532455444335937500000000000000000000000000000000000000000000000000000000000000000000000000000000000
129.1031188964843750000000000000000000000000000000000000000000000000000000000000000000000000000000000000
230.7559661865234375000000000000000000000000000000000000000000000000000000000000000000000000000000000000
313.9273071289062500000000000000000000000000000000000000000000000000000000000000000000000000000000000000
-233.2208251953125000000000000000000000000000000000000000000000000000000000000000000000000000000000000000
-353.2891540527343750000000000000000000000000000000000000000000000000000000000000000000000000000000000000
-311.4641113281250000000000000000000000000000000000000000000000000000000000000000000000000000000000000000
212.4310150146484375000000000000000000000000000000000000000000000000000000000000000000000000000000000000
-53.7338638305664062500000000000000000000000000000000000000000000000000000000000000000000000000000000000
-525.8489379882812500000000000000000000000000000000000000000000000000000000000000000000000000000000000000
-89.3415603637695312500000000000000000000000000000000000000000000000000000000000000000000000000000000000
-142.5224914550781250000000000000000000000000000000000000000000000000000000000000000000000000000000000000
-35.1470565795898437500000000000000000000000000000000000000000000000000000000000000000000000000000000000
-139.3239898681640625000000000000000000000000000000000000000000000000000000000000000000000000000000000000
-438.6065063476562500000000000000000000000000000000000000000000000000000000000000000000000000000000000000
-291.4735412597656250000000000000000000000000000000000000000000000000000000000000000000000000000000000000
230.2264099121093750000000000000000000000000000000000000000000000000000000000000000000000000000000000000
570.9511718750000000000000000000000000000000000000000000000000000000000000000000000000000000000000000000
316.7897949218750000000000000000000000000000000000000000000000000000000000000000000000000000000000000000
546.1112670898437500000000000000000000000000000000000000000000000000000000000000000000000000000000000000
-100.1365966796875000000000000000000000000000000000000000000000000000000000000000000000000000000000000000
-132.6688232421875000000000000000000000000000000000000000000000000000000000000000000000000000000000000000
256.4679565429687500000000000000000000000000000000000000000000000000000000000000000000000000000000000000
151.3553009033203125000000000000000000000000000000000000000000000000000000000000000000000000000000000000
171.7241821289062500000000000000000000000000000000000000000000000000000000000000000000000000000000000000
-495.6806640625000000000000000000000000000000000000000000000000000000000000000000000000000000000000000000
-213.8360595703125000000000000000000000000000000000000000000000000000000000000000000000000000000000000000
164.6126861572265625000000000000000000000000000000000000000000000000000000000000000000000000000000000000
276.5453491210937500000000000000000000000000000000000000000000000000000000000000000000000000000000000000
351.9437561035156250000000000000000000000000000000000000000000000000000000000000000000000000000000000000
-240.4379882812500000000000000000000000000000000000000000000000000000000000000000000000000000000000000000
-87.4346084594726562500000000000000000000000000000000000000000000000000000000000000000000000000000000000
-115.0448532104492187500000000000000000000000000000000000000000000000000000000000000000000000000000000000
-158.8031005859375000000000000000000000000000000000000000000000000000000000000000000000000000000000000000
706.8983764648437500000000000000000000000000000000000000000000000000000000000000000000000000000000000000
-62.5443267822265625000000000000000000000000000000000000000000000000000000000000000000000000000000000000
-252.2281799316406250000000000000000000000000000000000000000000000000000000000000000000000000000000000000
-135.9743652343750000000000000000000000000000000000000000000000000000000000000000000000000000000000000000
-47.1491775512695312500000000000000000000000000000000000000000000000000000000000000000000000000000000000
92.3046569824218750000000000000000000000000000000000000000000000000000000000000000000000000000000000000
263.6159362792968750000000000000000000000000000000000000000000000000000000000000000000000000000000000000
68.1650924682617187500000000000000000000000000000000000000000000000000000000000000000000000000000000000
-65.0908279418945312500000000000000000000000000000000000000000000000000000000000000000000000000000000000
395.5827636718750000000000000000000000000000000000000000000000000000000000000000000000000000000000000000
-125.4389419555664062500000000000000000000000000000000000000000000000000000000000000000000000000000000000
-337.8200988769531250000000000000000000000000000000000000000000000000000000000000000000000000000000000000
15.2501201629638671875000000000000000000000000000000000000000000000000000000000000000000000000000000000
260.9072570800781250000000000000000000000000000000000000000000000000000000000000000000000000000000000000
323.1784362792968750000000000000000000000000000000000000000000000000000000000000000000000000000000000000
6.1524834632873535156250000000000000000000000000000000000000000000000000000000000000000000000000000000
-286.1088562011718750000000000000000000000000000000000000000000000000000000000000000000000000000000000000
575.2233886718750000000000000000000000000000000000000000000000000000000000000000000000000000000000000000
-105.9545440673828125000000000000000000000000000000000000000000000000000000000000000000000000000000000000
-260.4203796386718750000000000000000000000000000000000000000000000000000000000000000000000000000000000000
-91.6493911743164062500000000000000000000000000000000000000000000000000000000000000000000000000000000000
6.1412835121154785156250000000000000000000000000000000000000000000000000000000000000000000000000000000
173.0995941162109375000000000000000000000000000000000000000000000000000000000000000000000000000000000000
-758.1096191406250000000000000000000000000000000000000000000000000000000000000000000000000000000000000000
7.9579057693481445312500000000000000000000000000000000000000000000000000000000000000000000000000000000
176.4971466064453125000000000000000000000000000000000000000000000000000000000000000000000000000000000000
-392.4789733886718750000000000000000000000000000000000000000000000000000000000000000000000000000000000000
39.6519355773925781250000000000000000000000000000000000000000000000000000000000000000000000000000000000
-239.0408172607421875000000000000000000000000000000000000000000000000000000000000000000000000000000000000
21.3701477050781250000000000000000000000000000000000000000000000000000000000000000000000000000000000000
488.3137817382812500000000000000000000000000000000000000000000000000000000000000000000000000000000000000
-145.2995605468750000000000000000000000000000000000000000000000000000000000000000000000000000000000000000
-111.4631958007812500000000000000000000000000000000000000000000000000000000000000000000000000000000000000
-532.2463989257812500000000000000000000000000000000000000000000000000000000000000000000000000000000000000
153.7594757080078125000000000000000000000000000000000000000000000000000000000000000000000000000000000000
347.7953796386718750000000000000000000000000000000000000000000000000000000000000000000000000000000000000
328.2241210937500000000000000000000000000000000000000000000000000000000000000000000000000000000000000000
-429.2064514160156250000000000000000000000000000000000000000000000000000000000000000000000000000000000000
175.5138702392578125000000000000000000000000000000000000000000000000000000000000000000000000000000000000
-94.9614257812500000000000000000000000000000000000000000000000000000000000000000000000000000000000000000
53.2066040039062500000000000000000000000000000000000000000000000000000000000000000000000000000000000000
-28.9309616088867187500000000000000000000000000000000000000000000000000000000000000000000000000000000000
14.6331567764282226562500000000000000000000000000000000000000000000000000000000000000000000000000000000
-6.8149399757385253906250000000000000000000000000000000000000000000000000000000000000000000000000000000
2.6131539344787597656250000000000000000000000000000000000000000000000000000000000000000000000000000000
-0.5166918039321899414062500000000000000000000000000000000000000000000000000000000000000000000000000000
