-0.0000000218423306108661563484929502010345458984375000000000000000000000000000000000000000000000000000
0.0000000707182365999869944062083959579467773437500000000000000000000000000000000000000000000000000000
-0.0000000464908396224927855655550956726074218750000000000000000000000000000000000000000000000000000000
-0.0000000927694188135319564025849103927612304687500000000000000000000000000000000000000000000000000000
0.0000003922148721358098555356264114379882812500000000000000000000000000000000000000000000000000000000
-0.0000015535931652266299352049827575683593750000000000000000000000000000000000000000000000000000000000
0.0000028608008051378419622778892517089843750000000000000000000000000000000000000000000000000000000000
-0.0000045497172322939150035381317138671875000000000000000000000000000000000000000000000000000000000000
631.0000000000000000000000000000000000000000000000000000000000000000000000000000000000000000000000000000
-997.0000000000000000000000000000000000000000000000000000000000000000000000000000000000000000000000000000
652.0000610351562500000000000000000000000000000000000000000000000000000000000000000000000000000000000000
-386.9999694824218750000000000000000000000000000000000000000000000000000000000000000000000000000000000000
24.9999847412109375000000000000000000000000000000000000000000000000000000000000000000000000000000000000
-184.0001678466796875000000000000000000000000000000000000000000000000000000000000000000000000000000000000
369.9993896484375000000000000000000000000000000000000000000000000000000000000000000000000000000000000000
-734.0003662109375000000000000000000000000000000000000000000000000000000000000000000000000000000000000000
176.0003967285156250000000000000000000000000000000000000000000000000000000000000000000000000000000000000
-264.9994812011718750000000000000000000000000000000000000000000000000000000000000000000000000000000000000
223.0008697509765625000000000000000000000000000000000000000000000000000000000000000000000000000000000000
-86.9999847412109375000000000000000000000000000000000000000000000000000000000000000000000000000000000000
179.9998779296875000000000000000000000000000000000000000000000000000000000000000000000000000000000000000
-723.0004882812500000000000000000000000000000000000000000000000000000000000000000000000000000000000000000
659.9998168945312500000000000000000000000000000000000000000000000000000000000000000000000000000000000000
-627.0000610351562500000000000000000000000000000000000000000000000000000000000000000000000000000000000000
910.0008544921875000000000000000000000000000000000000000000000000000000000000000000000000000000000000000
-744.9992065429687500000000000000000000000000000000000000000000000000000000000000000000000000000000000000
382.9992370605468750000000000000000000000000000000000000000000000000000000000000000000000000000000000000
-575.0005493164062500000000000000000000000000000000000000000000000000000000000000000000000000000000000000
274.9991760253906250000000000000000000000000000000000000000000000000000000000000000000000000000000000000
-450.9991455078125000000000000000000000000000000000000000000000000000000000000000000000000000000000000000
803.9985351562500000000000000000000000000000000000000000000000000000000000000000000000000000000000000000
-29.0005321502685546875000000000000000000000000000000000000000000000000000000000000000000000000000000000
87.0029067993164062500000000000000000000000000000000000000000000000000000000000000000000000000000000000
-988.9988403320312500000000000000000000000000000000000000000000000000000000000000000000000000000000000000
938.9993286132812500000000000000000000000000000000000000000000000000000000000000000000000000000000000000
-682.9989624023437500000000000000000000000000000000000000000000000000000000000000000000000000000000000000
533.9988403320312500000000000000000000000000000000000000000000000000000000000000000000000000000000000000
-899.0000610351562500000000000000000000000000000000000000000000000000000000000000000000000000000000000000
137.0020904541015625000000000000000000000000000000000000000000000000000000000000000000000000000000000000
-182.0001525878906250000000000000000000000000000000000000000000000000000000000000000000000000000000000000
106.0000000000000000000000000000000000000000000000000000000000000000000000000000000000000000000000000000
-938.9992675781250000000000000000000000000000000000000000000000000000000000000000000000000000000000000000
409.9986572265625000000000000000000000000000000000000000000000000000000000000000000000000000000000000000
-945.0004882812500000000000000000000000000000000000000000000000000000000000000000000000000000000000000000
988.0034790039062500000000000000000000000000000000000000000000000000000000000000000000000000000000000000
-335.9998168945312500000000000000000000000000000000000000000000000000000000000000000000000000000000000000
243.9990386962890625000000000000000000000000000000000000000000000000000000000000000000000000000000000000
-679.9990234375000000000000000000000000000000000000000000000000000000000000000000000000000000000000000000
410.9991760253906250000000000000000000000000000000000000000000000000000000000000000000000000000000000000
-750.0001220703125000000000000000000000000000000000000000000000000000000000000000000000000000000000000000
551.0028076171875000000000000000000000000000000000000000000000000000000000000000000000000000000000000000
-510.9997863769531250000000000000000000000000000000000000000000000000000000000000000000000000000000000000
719.0015258789062500000000000000000000000000000000000000000000000000000000000000000000000000000000000000
-354.0036621093750000000000000000000000000000000000000000000000000000000000000000000000000000000000000000
345.9948425292968750000000000000000000000000000000000000000000000000000000000000000000000000000000000000
-454.0007629394531250000000000000000000000000000000000000000000000000000000000000000000000000000000000000
216.9980163574218750000000000000000000000000000000000000000000000000000000000000000000000000000000000000
-307.9996643066406250000000000000000000000000000000000000000000000000000000000000000000000000000000000000
781.9960937500000000000000000000000000000000000000000000000000000000000000000000000000000000000000000000
-9.0031070709228515625000000000000000000000000000000000000000000000000000000000000000000000000000000000
922.0039062500000000000000000000000000000000000000000000000000000000000000000000000000000000000000000000
-41.9974594116210937500000000000000000000000000000000000000000000000000000000000000000000000000000000000
704.0014038085937500000000000000000000000000000000000000000000000000000000000000000000000000000000000000
-223.9978942871093750000000000000000000000000000000000000000000000000000000000000000000000000000000000000
673.0010375976562500000000000000000000000000000000000000000000000000000000000000000000000000000000000000
-623.0009155273437500000000000000000000000000000000000000000000000000000000000000000000000000000000000000
176.9982910156250000000000000000000000000000000000000000000000000000000000000000000000000000000000000000
-766.0028076171875000000000000000000000000000000000000000000000000000000000000000000000000000000000000000
106.9968872070312500000000000000000000000000000000000000000000000000000000000000000000000000000000000000
-98.9992370605468750000000000000000000000000000000000000000000000000000000000000000000000000000000000000
192.9954681396484375000000000000000000000000000000000000000000000000000000000000000000000000000000000000
-99.0045471191406250000000000000000000000000000000000000000000000000000000000000000000000000000000000000
557.0034790039062500000000000000000000000000000000000000000000000000000000000000000000000000000000000000
-310.9972534179687500000000000000000000000000000000000000000000000000000000000000000000000000000000000000
337.9992370605468750000000000000000000000000000000000000000000000000000000000000000000000000000000000000
-509.9959411621093750000000000000000000000000000000000000000000000000000000000000000000000000000000000000
628.0033569335937500000000000000000000000000000000000000000000000000000000000000000000000000000000000000
-390.0009765625000000000000000000000000000000000000000000000000000000000000000000000000000000000000000000
500.9996032714843750000000000000000000000000000000000000000000000000000000000000000000000000000000000000
-997.0017089843750000000000000000000000000000000000000000000000000000000000000000000000000000000000000000
484.9949645996093750000000000000000000000000000000000000000000000000000000000000000000000000000000000000
-137.0014801025390625000000000000000000000000000000000000000000000000000000000000000000000000000000000000
926.9962158203125000000000000000000000000000000000000000000000000000000000000000000000000000000000000000
-713.0048217773437500000000000000000000000000000000000000000000000000000000000000000000000000000000000000
343.0044860839843750000000000000000000000000000000000000000000000000000000000000000000000000000000000000
-123.9962844848632812500000000000000000000000000000000000000000000000000000000000000000000000000000000000
646.0020751953125000000000000000000000000000000000000000000000000000000000000000000000000000000000000000
-397.9965820312500000000000000000000000000000000000000000000000000000000000000000000000000000000000000000
835.0037841796875000000000000000000000000000000000000000000000000000000000000000000000000000000000000000
-552.0043945312500000000000000000000000000000000000000000000000000000000000000000000000000000000000000000
548.9956665039062500000000000000000000000000000000000000000000000000000000000000000000000000000000000000
-618.9980468750000000000000000000000000000000000000000000000000000000000000000000000000000000000000000000
756.0053710937500000000000000000000000000000000000000000000000000000000000000000000000000000000000000000
-491.9989624023437500000000000000000000000000000000000000000000000000000000000000000000000000000000000000
971.9992065429687500000000000000000000000000000000000000000000000000000000000000000000000000000000000000
-837.0073852539062500000000000000000000000000000000000000000000000000000000000000000000000000000000000000
953.9933471679687500000000000000000000000000000000000000000000000000000000000000000000000000000000000000
-355.9963073730468750000000000000000000000000000000000000000000000000000000000000000000000000000000000000
280.9996948242187500000000000000000000000000000000000000000000000000000000000000000000000000000000000000
-711.0049438476562500000000000000000000000000000000000000000000000000000000000000000000000000000000000000
589.9965820312500000000000000000000000000000000000000000000000000000000000000000000000000000000000000000
-46.9975929260253906250000000000000000000000000000000000000000000000000000000000000000000000000000000000
451.0031127929687500000000000000000000000000000000000000000000000000000000000000000000000000000000000000
-714.9987182617187500000000000000000000000000000000000000000000000000000000000000000000000000000000000000
280.9932250976562500000000000000000000000000000000000000000000000000000000000000000000000000000000000000
-136.9947662353515625000000000000000000000000000000000000000000000000000000000000000000000000000000000000
138.0101013183593750000000000000000000000000000000000000000000000000000000000000000000000000000000000000
-365.9985351562500000000000000000000000000000000000000000000000000000000000000000000000000000000000000000
502.9990234375000000000000000000000000000000000000000000000000000000000000000000000000000000000000000000
-877.0068359375000000000000000000000000000000000000000000000000000000000000000000000000000000000000000000
449.0003051757812500000000000000000000000000000000000000000000000000000000000000000000000000000000000000
-41.9969367980957031250000000000000000000000000000000000000000000000000000000000000000000000000000000000
189.0108795166015625000000000000000000000000000000000000000000000000000000000000000000000000000000000000
-585.9974975585937500000000000000000000000000000000000000000000000000000000000000000000000000000000000000
360.9958190917968750000000000000000000000000000000000000000000000000000000000000000000000000000000000000
-811.0014648437500000000000000000000000000000000000000000000000000000000000000000000000000000000000000000
83.0058975219726562500000000000000000000000000000000000000000000000000000000000000000000000000000000000
-650.9940185546875000000000000000000000000000000000000000000000000000000000000000000000000000000000000000
402.9979248046875000000000000000000000000000000000000000000000000000000000000000000000000000000000000000
-268.0017700195312500000000000000000000000000000000000000000000000000000000000000000000000000000000000000
330.9977111816406250000000000000000000000000000000000000000000000000000000000000000000000000000000000000
-347.9982910156250000000000000000000000000000000000000000000000000000000000000000000000000000000000000000
883.9993896484375000000000000000000000000000000000000000000000000000000000000000000000000000000000000000
-930.0024414062500000000000000000000000000000000000000000000000000000000000000000000000000000000000000000
46.9971542358398437500000000000000000000000000000000000000000000000000000000000000000000000000000000000
-734.9962768554687500000000000000000000000000000000000000000000000000000000000000000000000000000000000000
544.0092163085937500000000000000000000000000000000000000000000000000000000000000000000000000000000000000
-892.9952392578125000000000000000000000000000000000000000000000000000000000000000000000000000000000000000
302.9971618652343750000000000000000000000000000000000000000000000000000000000000000000000000000000000000
-194.9941253662109375000000000000000000000000000000000000000000000000000000000000000000000000000000000000
721.0098876953125000000000000000000000000000000000000000000000000000000000000000000000000000000000000000
-581.9968872070312500000000000000000000000000000000000000000000000000000000000000000000000000000000000000
921.9959106445312500000000000000000000000000000000000000000000000000000000000000000000000000000000000000
-285.0096435546875000000000000000000000000000000000000000000000000000000000000000000000000000000000000000
983.9992675781250000000000000000000000000000000000000000000000000000000000000000000000000000000000000000
-837.9988403320312500000000000000000000000000000000000000000000000000000000000000000000000000000000000000
470.0074157714843750000000000000000000000000000000000000000000000000000000000000000000000000000000000000
-268.9976806640625000000000000000000000000000000000000000000000000000000000000000000000000000000000000000
502.9946899414062500000000000000000000000000000000000000000000000000000000000000000000000000000000000000
-306.9995117187500000000000000000000000000000000000000000000000000000000000000000000000000000000000000000
475.0032348632812500000000000000000000000000000000000000000000000000000000000000000000000000000000000000
-787.9987792968750000000000000000000000000000000000000000000000000000000000000000000000000000000000000000
667.9997558593750000000000000000000000000000000000000000000000000000000000000000000000000000000000000000
-21.0052223205566406250000000000000000000000000000000000000000000000000000000000000000000000000000000000
299.9968566894531250000000000000000000000000000000000000000000000000000000000000000000000000000000000000
-979.9933471679687500000000000000000000000000000000000000000000000000000000000000000000000000000000000000
799.9929199218750000000000000000000000000000000000000000000000000000000000000000000000000000000000000000
-597.0111083984375000000000000000000000000000000000000000000000000000000000000000000000000000000000000000
942.9962768554687500000000000000000000000000000000000000000000000000000000000000000000000000000000000000
-727.9968872070312500000000000000000000000000000000000000000000000000000000000000000000000000000000000000
25.0058917999267578125000000000000000000000000000000000000000000000000000000000000000000000000000000000
-645.9964599609375000000000000000000000000000000000000000000000000000000000000000000000000000000000000000
371.9928894042968750000000000000000000000000000000000000000000000000000000000000000000000000000000000000
-828.9954833984375000000000000000000000000000000000000000000000000000000000000000000000000000000000000000
372.0106811523437500000000000000000000000000000000000000000000000000000000000000000000000000000000000000
-871.9987792968750000000000000000000000000000000000000000000000000000000000000000000000000000000000000000
668.0006713867187500000000000000000000000000000000000000000000000000000000000000000000000000000000000000
-653.0030517578125000000000000000000000000000000000000000000000000000000000000000000000000000000000000000
406.0014038085937500000000000000000000000000000000000000000000000000000000000000000000000000000000000000
-932.9985351562500000000000000000000000000000000000000000000000000000000000000000000000000000000000000000
484.0111999511718750000000000000000000000000000000000000000000000000000000000000000000000000000000000000
-416.9969787597656250000000000000000000000000000000000000000000000000000000000000000000000000000000000000
986.9929199218750000000000000000000000000000000000000000000000000000000000000000000000000000000000000000
-387.9979553222656250000000000000000000000000000000000000000000000000000000000000000000000000000000000000
246.0079193115234375000000000000000000000000000000000000000000000000000000000000000000000000000000000000
-881.9965820312500000000000000000000000000000000000000000000000000000000000000000000000000000000000000000
557.9976196289062500000000000000000000000000000000000000000000000000000000000000000000000000000000000000
-148.0096740722656250000000000000000000000000000000000000000000000000000000000000000000000000000000000000
449.9925231933593750000000000000000000000000000000000000000000000000000000000000000000000000000000000000
-898.9944458007812500000000000000000000000000000000000000000000000000000000000000000000000000000000000000
881.9986572265625000000000000000000000000000000000000000000000000000000000000000000000000000000000000000
-673.0040893554687500000000000000000000000000000000000000000000000000000000000000000000000000000000000000
121.9941482543945312500000000000000000000000000000000000000000000000000000000000000000000000000000000000
-274.9921569824218750000000000000000000000000000000000000000000000000000000000000000000000000000000000000
282.9937133789062500000000000000000000000000000000000000000000000000000000000000000000000000000000000000
-826.0089721679687500000000000000000000000000000000000000000000000000000000000000000000000000000000000000
497.0229187011718750000000000000000000000000000000000000000000000000000000000000000000000000000000000000
-833.9987182617187500000000000000000000000000000000000000000000000000000000000000000000000000000000000000
573.9923095703125000000000000000000000000000000000000000000000000000000000000000000000000000000000000000
-455.9923706054687500000000000000000000000000000000000000000000000000000000000000000000000000000000000000
883.9915771484375000000000000000000000000000000000000000000000000000000000000000000000000000000000000000
-17.9954071044921875000000000000000000000000000000000000000000000000000000000000000000000000000000000000
438.0054321289062500000000000000000000000000000000000000000000000000000000000000000000000000000000000000
-117.0233459472656250000000000000000000000000000000000000000000000000000000000000000000000000000000000000
323.9936218261718750000000000000000000000000000000000000000000000000000000000000000000000000000000000000
-341.9955444335937500000000000000000000000000000000000000000000000000000000000000000000000000000000000000
545.9931030273437500000000000000000000000000000000000000000000000000000000000000000000000000000000000000
-394.9931030273437500000000000000000000000000000000000000000000000000000000000000000000000000000000000000
514.9915161132812500000000000000000000000000000000000000000000000000000000000000000000000000000000000000
-949.9994506835937500000000000000000000000000000000000000000000000000000000000000000000000000000000000000
400.0285644531250000000000000000000000000000000000000000000000000000000000000000000000000000000000000000
-133.9949188232421875000000000000000000000000000000000000000000000000000000000000000000000000000000000000
83.9994964599609375000000000000000000000000000000000000000000000000000000000000000000000000000000000000
-323.9988403320312500000000000000000000000000000000000000000000000000000000000000000000000000000000000000
10.9988727569580078125000000000000000000000000000000000000000000000000000000000000000000000000000000000
-95.0090942382812500000000000000000000000000000000000000000000000000000000000000000000000000000000000000
631.0222778320312500000000000000000000000000000000000000000000000000000000000000000000000000000000000000
-973.9935302734375000000000000000000000000000000000000000000000000000000000000000000000000000000000000000
995.9916992187500000000000000000000000000000000000000000000000000000000000000000000000000000000000000000
-514.9901733398437500000000000000000000000000000000000000000000000000000000000000000000000000000000000000
429.9914855957031250000000000000000000000000000000000000000000000000000000000000000000000000000000000000
-70.9914855957031250000000000000000000000000000000000000000000000000000000000000000000000000000000000000
64.0052566528320312500000000000000000000000000000000000000000000000000000000000000000000000000000000000
-826.0194702148437500000000000000000000000000000000000000000000000000000000000000000000000000000000000000
613.0074462890625000000000000000000000000000000000000000000000000000000000000000000000000000000000000000
-885.9948120117187500000000000000000000000000000000000000000000000000000000000000000000000000000000000000
189.9890136718750000000000000000000000000000000000000000000000000000000000000000000000000000000000000000
-896.9914550781250000000000000000000000000000000000000000000000000000000000000000000000000000000000000000
502.9941711425781250000000000000000000000000000000000000000000000000000000000000000000000000000000000000
-819.0018310546875000000000000000000000000000000000000000000000000000000000000000000000000000000000000000
202.0215606689453125000000000000000000000000000000000000000000000000000000000000000000000000000000000000
-427.0075073242187500000000000000000000000000000000000000000000000000000000000000000000000000000000000000
619.9915771484375000000000000000000000000000000000000000000000000000000000000000000000000000000000000000
-719.9907226562500000000000000000000000000000000000000000000000000000000000000000000000000000000000000000
515.9921264648437500000000000000000000000000000000000000000000000000000000000000000000000000000000000000
-155.9952392578125000000000000000000000000000000000000000000000000000000000000000000000000000000000000000
694.0034790039062500000000000000000000000000000000000000000000000000000000000000000000000000000000000000
-836.0222167968750000000000000000000000000000000000000000000000000000000000000000000000000000000000000000
359.9961853027343750000000000000000000000000000000000000000000000000000000000000000000000000000000000000
-385.9951171875000000000000000000000000000000000000000000000000000000000000000000000000000000000000000000
733.9901123046875000000000000000000000000000000000000000000000000000000000000000000000000000000000000000
-692.9888916015625000000000000000000000000000000000000000000000000000000000000000000000000000000000000000
783.9953613281250000000000000000000000000000000000000000000000000000000000000000000000000000000000000000
-109.0049057006835937500000000000000000000000000000000000000000000000000000000000000000000000000000000000
590.0171508789062500000000000000000000000000000000000000000000000000000000000000000000000000000000000000
-49.9978942871093750000000000000000000000000000000000000000000000000000000000000000000000000000000000000
833.9957885742187500000000000000000000000000000000000000000000000000000000000000000000000000000000000000
-862.9959106445312500000000000000000000000000000000000000000000000000000000000000000000000000000000000000
668.9920654296875000000000000000000000000000000000000000000000000000000000000000000000000000000000000000
-216.9923248291015625000000000000000000000000000000000000000000000000000000000000000000000000000000000000
121.9960021972656250000000000000000000000000000000000000000000000000000000000000000000000000000000000000
-599.0155639648437500000000000000000000000000000000000000000000000000000000000000000000000000000000000000
56.0046081542968750000000000000000000000000000000000000000000000000000000000000000000000000000000000000
-18.9997501373291015625000000000000000000000000000000000000000000000000000000000000000000000000000000000
831.9938354492187500000000000000000000000000000000000000000000000000000000000000000000000000000000000000
-519.9904174804687500000000000000000000000000000000000000000000000000000000000000000000000000000000000000
96.9938430786132812500000000000000000000000000000000000000000000000000000000000000000000000000000000000
-108.0082168579101562500000000000000000000000000000000000000000000000000000000000000000000000000000000000
143.0245819091796875000000000000000000000000000000000000000000000000000000000000000000000000000000000000
-4.0044159889221191406250000000000000000000000000000000000000000000000000000000000000000000000000000000
847.9958496093750000000000000000000000000000000000000000000000000000000000000000000000000000000000000000
-985.9937133789062500000000000000000000000000000000000000000000000000000000000000000000000000000000000000
270.9978637695312500000000000000000000000000000000000000000000000000000000000000000000000000000000000000
-506.9941101074218750000000000000000000000000000000000000000000000000000000000000000000000000000000000000
762.0126953125000000000000000000000000000000000000000000000000000000000000000000000000000000000000000000
-661.0090332031250000000000000000000000000000000000000000000000000000000000000000000000000000000000000000
170.9999084472656250000000000000000000000000000000000000000000000000000000000000000000000000000000000000
-589.9900512695312500000000000000000000000000000000000000000000000000000000000000000000000000000000000000
940.9909057617187500000000000000000000000000000000000000000000000000000000000000000000000000000000000000
-450.9919433593750000000000000000000000000000000000000000000000000000000000000000000000000000000000000000
532.0026245117187500000000000000000000000000000000000000000000000000000000000000000000000000000000000000
-680.0195922851562500000000000000000000000000000000000000000000000000000000000000000000000000000000000000
239.0046997070312500000000000000000000000000000000000000000000000000000000000000000000000000000000000000
-865.9950561523437500000000000000000000000000000000000000000000000000000000000000000000000000000000000000
111.9943389892578125000000000000000000000000000000000000000000000000000000000000000000000000000000000000
-299.9942932128906250000000000000000000000000000000000000000000000000000000000000000000000000000000000000
832.9958496093750000000000000000000000000000000000000000000000000000000000000000000000000000000000000000
-390.0003051757812500000000000000000000000000000000000000000000000000000000000000000000000000000000000000
140.0125885009765625000000000000000000000000000000000000000000000000000000000000000000000000000000000000
-86.0023880004882812500000000000000000000000000000000000000000000000000000000000000000000000000000000000
256.9951477050781250000000000000000000000000000000000000000000000000000000000000000000000000000000000000
-423.9938659667968750000000000000000000000000000000000000000000000000000000000000000000000000000000000000
494.9913024902343750000000000000000000000000000000000000000000000000000000000000000000000000000000000000
-242.9930419921875000000000000000000000000000000000000000000000000000000000000000000000000000000000000000
74.0043182373046875000000000000000000000000000000000000000000000000000000000000000000000000000000000000
-3.0136747360229492187500000000000000000000000000000000000000000000000000000000000000000000000000000000
1.0017656087875366210937500000000000000000000000000000000000000000000000000000000000000000000000000000
-141.9988403320312500000000000000000000000000000000000000000000000000000000000000000000000000000000000000
173.9960479736328125000000000000000000000000000000000000000000000000000000000000000000000000000000000000
-597.9925537109375000000000000000000000000000000000000000000000000000000000000000000000000000000000000000
939.0017700195312500000000000000000000000000000000000000000000000000000000000000000000000000000000000000
-481.9991455078125000000000000000000000000000000000000000000000000000000000000000000000000000000000000000
523.0129394531250000000000000000000000000000000000000000000000000000000000000000000000000000000000000000
-68.0017471313476562500000000000000000000000000000000000000000000000000000000000000000000000000000000000
172.9938201904296875000000000000000000000000000000000000000000000000000000000000000000000000000000000000
-953.9940185546875000000000000000000000000000000000000000000000000000000000000000000000000000000000000000
960.9902343750000000000000000000000000000000000000000000000000000000000000000000000000000000000000000000
-6.9935879707336425781250000000000000000000000000000000000000000000000000000000000000000000000000000000
704.9996948242187500000000000000000000000000000000000000000000000000000000000000000000000000000000000000
-552.0191650390625000000000000000000000000000000000000000000000000000000000000000000000000000000000000000
772.0043945312500000000000000000000000000000000000000000000000000000000000000000000000000000000000000000
-370.0010681152343750000000000000000000000000000000000000000000000000000000000000000000000000000000000000
855.9943237304687500000000000000000000000000000000000000000000000000000000000000000000000000000000000000
-317.9932861328125000000000000000000000000000000000000000000000000000000000000000000000000000000000000000
909.9954223632812500000000000000000000000000000000000000000000000000000000000000000000000000000000000000
-591.0222778320312500000000000000000000000000000000000000000000000000000000000000000000000000000000000000
853.0042114257812500000000000000000000000000000000000000000000000000000000000000000000000000000000000000
-903.9948120117187500000000000000000000000000000000000000000000000000000000000000000000000000000000000000
531.9990844726562500000000000000000000000000000000000000000000000000000000000000000000000000000000000000
-178.9954071044921875000000000000000000000000000000000000000000000000000000000000000000000000000000000000
186.9967041015625000000000000000000000000000000000000000000000000000000000000000000000000000000000000000
-402.9983215332031250000000000000000000000000000000000000000000000000000000000000000000000000000000000000
48.0199203491210937500000000000000000000000000000000000000000000000000000000000000000000000000000000000
-273.9961853027343750000000000000000000000000000000000000000000000000000000000000000000000000000000000000
242.9964752197265625000000000000000000000000000000000000000000000000000000000000000000000000000000000000
-955.9979248046875000000000000000000000000000000000000000000000000000000000000000000000000000000000000000
817.9946899414062500000000000000000000000000000000000000000000000000000000000000000000000000000000000000
-175.0010070800781250000000000000000000000000000000000000000000000000000000000000000000000000000000000000
188.0086212158203125000000000000000000000000000000000000000000000000000000000000000000000000000000000000
-316.0152893066406250000000000000000000000000000000000000000000000000000000000000000000000000000000000000
624.9946899414062500000000000000000000000000000000000000000000000000000000000000000000000000000000000000
-438.9906005859375000000000000000000000000000000000000000000000000000000000000000000000000000000000000000
500.9922485351562500000000000000000000000000000000000000000000000000000000000000000000000000000000000000
-761.9908447265625000000000000000000000000000000000000000000000000000000000000000000000000000000000000000
746.9922485351562500000000000000000000000000000000000000000000000000000000000000000000000000000000000000
-122.9994125366210937500000000000000000000000000000000000000000000000000000000000000000000000000000000000
347.0124511718750000000000000000000000000000000000000000000000000000000000000000000000000000000000000000
-147.0041809082031250000000000000000000000000000000000000000000000000000000000000000000000000000000000000
672.0003662109375000000000000000000000000000000000000000000000000000000000000000000000000000000000000000
-693.9954223632812500000000000000000000000000000000000000000000000000000000000000000000000000000000000000
8.9934539794921875000000000000000000000000000000000000000000000000000000000000000000000000000000000000
-278.9924926757812500000000000000000000000000000000000000000000000000000000000000000000000000000000000000
906.0097656250000000000000000000000000000000000000000000000000000000000000000000000000000000000000000000
-24.0240936279296875000000000000000000000000000000000000000000000000000000000000000000000000000000000000
837.0032958984375000000000000000000000000000000000000000000000000000000000000000000000000000000000000000
-55.9901924133300781250000000000000000000000000000000000000000000000000000000000000000000000000000000000
581.9924316406250000000000000000000000000000000000000000000000000000000000000000000000000000000000000000
-718.9938964843750000000000000000000000000000000000000000000000000000000000000000000000000000000000000000
726.0007324218750000000000000000000000000000000000000000000000000000000000000000000000000000000000000000
-581.0085449218750000000000000000000000000000000000000000000000000000000000000000000000000000000000000000
57.0198822021484375000000000000000000000000000000000000000000000000000000000000000000000000000000000000
-283.9921264648437500000000000000000000000000000000000000000000000000000000000000000000000000000000000000
961.9905395507812500000000000000000000000000000000000000000000000000000000000000000000000000000000000000
-192.9937133789062500000000000000000000000000000000000000000000000000000000000000000000000000000000000000
931.9945678710937500000000000000000000000000000000000000000000000000000000000000000000000000000000000000
-272.9991455078125000000000000000000000000000000000000000000000000000000000000000000000000000000000000000
396.9978637695312500000000000000000000000000000000000000000000000000000000000000000000000000000000000000
-131.0154418945312500000000000000000000000000000000000000000000000000000000000000000000000000000000000000
91.0016250610351562500000000000000000000000000000000000000000000000000000000000000000000000000000000000
-9.9950027465820312500000000000000000000000000000000000000000000000000000000000000000000000000000000000
788.9946289062500000000000000000000000000000000000000000000000000000000000000000000000000000000000000000
-447.9943542480468750000000000000000000000000000000000000000000000000000000000000000000000000000000000000
61.0008049011230468750000000000000000000000000000000000000000000000000000000000000000000000000000000000
-642.0164794921875000000000000000000000000000000000000000000000000000000000000000000000000000000000000000
837.0117797851562500000000000000000000000000000000000000000000000000000000000000000000000000000000000000
-845.9895629882812500000000000000000000000000000000000000000000000000000000000000000000000000000000000000
277.9899597167968750000000000000000000000000000000000000000000000000000000000000000000000000000000000000
-235.9867706298828125000000000000000000000000000000000000000000000000000000000000000000000000000000000000
619.9899291992187500000000000000000000000000000000000000000000000000000000000000000000000000000000000000
-171.9943542480468750000000000000000000000000000000000000000000000000000000000000000000000000000000000000
254.9777679443359375000000000000000000000000000000000000000000000000000000000000000000000000000000000000
-910.9973754882812500000000000000000000000000000000000000000000000000000000000000000000000000000000000000
725.0147705078125000000000000000000000000000000000000000000000000000000000000000000000000000000000000000
-575.9990844726562500000000000000000000000000000000000000000000000000000000000000000000000000000000000000
403.0758056640625000000000000000000000000000000000000000000000000000000000000000000000000000000000000000
-88.9920654296875000000000000000000000000000000000000000000000000000000000000000000000000000000000000000
510.9938659667968750000000000000000000000000000000000000000000000000000000000000000000000000000000000000
-725.0073242187500000000000000000000000000000000000000000000000000000000000000000000000000000000000000000
528.9977416992187500000000000000000000000000000000000000000000000000000000000000000000000000000000000000
-857.9884643554687500000000000000000000000000000000000000000000000000000000000000000000000000000000000000
316.9862670898437500000000000000000000000000000000000000000000000000000000000000000000000000000000000000
-751.9885864257812500000000000000000000000000000000000000000000000000000000000000000000000000000000000000
108.9858703613281250000000000000000000000000000000000000000000000000000000000000000000000000000000000000
-523.9783935546875000000000000000000000000000000000000000000000000000000000000000000000000000000000000000
710.0002441406250000000000000000000000000000000000000000000000000000000000000000000000000000000000000000
-290.9844665527343750000000000000000000000000000000000000000000000000000000000000000000000000000000000000
911.0120849609375000000000000000000000000000000000000000000000000000000000000000000000000000000000000000
-255.0419464111328125000000000000000000000000000000000000000000000000000000000000000000000000000000000000
838.0297241210937500000000000000000000000000000000000000000000000000000000000000000000000000000000000000
-947.9910888671875000000000000000000000000000000000000000000000000000000000000000000000000000000000000000
584.0031738281250000000000000000000000000000000000000000000000000000000000000000000000000000000000000000
-826.9962158203125000000000000000000000000000000000000000000000000000000000000000000000000000000000000000
441.9976501464843750000000000000000000000000000000000000000000000000000000000000000000000000000000000000
-825.9941406250000000000000000000000000000000000000000000000000000000000000000000000000000000000000000000
206.9904785156250000000000000000000000000000000000000000000000000000000000000000000000000000000000000000
-132.9899749755859375000000000000000000000000000000000000000000000000000000000000000000000000000000000000
569.9967651367187500000000000000000000000000000000000000000000000000000000000000000000000000000000000000
-146.9908905029296875000000000000000000000000000000000000000000000000000000000000000000000000000000000000
907.9979858398437500000000000000000000000000000000000000000000000000000000000000000000000000000000000000
-32.0179061889648437500000000000000000000000000000000000000000000000000000000000000000000000000000000000
805.0060424804687500000000000000000000000000000000000000000000000000000000000000000000000000000000000000
-382.0582275390625000000000000000000000000000000000000000000000000000000000000000000000000000000000000000
364.0037841796875000000000000000000000000000000000000000000000000000000000000000000000000000000000000000
-711.0046386718750000000000000000000000000000000000000000000000000000000000000000000000000000000000000000
327.9833679199218750000000000000000000000000000000000000000000000000000000000000000000000000000000000000
-973.9771118164062500000000000000000000000000000000000000000000000000000000000000000000000000000000000000
586.9899291992187500000000000000000000000000000000000000000000000000000000000000000000000000000000000000
-308.9866943359375000000000000000000000000000000000000000000000000000000000000000000000000000000000000000
757.9852905273437500000000000000000000000000000000000000000000000000000000000000000000000000000000000000
-185.9856109619140625000000000000000000000000000000000000000000000000000000000000000000000000000000000000
194.9859008789062500000000000000000000000000000000000000000000000000000000000000000000000000000000000000
-802.0013427734375000000000000000000000000000000000000000000000000000000000000000000000000000000000000000
727.9970092773437500000000000000000000000000000000000000000000000000000000000000000000000000000000000000
-808.0054321289062500000000000000000000000000000000000000000000000000000000000000000000000000000000000000
73.0051040649414062500000000000000000000000000000000000000000000000000000000000000000000000000000000000
-910.0476684570312500000000000000000000000000000000000000000000000000000000000000000000000000000000000000
432.0352783203125000000000000000000000000000000000000000000000000000000000000000000000000000000000000000
-39.0086975097656250000000000000000000000000000000000000000000000000000000000000000000000000000000000000
762.9857788085937500000000000000000000000000000000000000000000000000000000000000000000000000000000000000
-182.9879455566406250000000000000000000000000000000000000000000000000000000000000000000000000000000000000
516.9904174804687500000000000000000000000000000000000000000000000000000000000000000000000000000000000000
-853.9840087890625000000000000000000000000000000000000000000000000000000000000000000000000000000000000000
677.9857177734375000000000000000000000000000000000000000000000000000000000000000000000000000000000000000
-933.9861450195312500000000000000000000000000000000000000000000000000000000000000000000000000000000000000
230.9878387451171875000000000000000000000000000000000000000000000000000000000000000000000000000000000000
-704.9846191406250000000000000000000000000000000000000000000000000000000000000000000000000000000000000000
755.9834594726562500000000000000000000000000000000000000000000000000000000000000000000000000000000000000
-962.0173339843750000000000000000000000000000000000000000000000000000000000000000000000000000000000000000
963.0316162109375000000000000000000000000000000000000000000000000000000000000000000000000000000000000000
-51.0332832336425781250000000000000000000000000000000000000000000000000000000000000000000000000000000000
580.0172729492187500000000000000000000000000000000000000000000000000000000000000000000000000000000000000
-901.0011596679687500000000000000000000000000000000000000000000000000000000000000000000000000000000000000
430.9928588867187500000000000000000000000000000000000000000000000000000000000000000000000000000000000000
-711.9847412109375000000000000000000000000000000000000000000000000000000000000000000000000000000000000000
799.9923095703125000000000000000000000000000000000000000000000000000000000000000000000000000000000000000
-477.9916687011718750000000000000000000000000000000000000000000000000000000000000000000000000000000000000
368.9891052246093750000000000000000000000000000000000000000000000000000000000000000000000000000000000000
-168.9936370849609375000000000000000000000000000000000000000000000000000000000000000000000000000000000000
197.9916534423828125000000000000000000000000000000000000000000000000000000000000000000000000000000000000
-325.9798889160156250000000000000000000000000000000000000000000000000000000000000000000000000000000000000
471.0082702636718750000000000000000000000000000000000000000000000000000000000000000000000000000000000000
-179.0004425048828125000000000000000000000000000000000000000000000000000000000000000000000000000000000000
407.0812683105468750000000000000000000000000000000000000000000000000000000000000000000000000000000000000
-615.0051269531250000000000000000000000000000000000000000000000000000000000000000000000000000000000000000
877.0131225585937500000000000000000000000000000000000000000000000000000000000000000000000000000000000000
-463.9945983886718750000000000000000000000000000000000000000000000000000000000000000000000000000000000000
897.9824218750000000000000000000000000000000000000000000000000000000000000000000000000000000000000000000
-333.9884338378906250000000000000000000000000000000000000000000000000000000000000000000000000000000000000
900.9868164062500000000000000000000000000000000000000000000000000000000000000000000000000000000000000000
-376.9862060546875000000000000000000000000000000000000000000000000000000000000000000000000000000000000000
953.9890747070312500000000000000000000000000000000000000000000000000000000000000000000000000000000000000
-539.9933471679687500000000000000000000000000000000000000000000000000000000000000000000000000000000000000
70.9940338134765625000000000000000000000000000000000000000000000000000000000000000000000000000000000000
-91.9865798950195312500000000000000000000000000000000000000000000000000000000000000000000000000000000000
8.9886884689331054687500000000000000000000000000000000000000000000000000000000000000000000000000000000
-642.0382690429687500000000000000000000000000000000000000000000000000000000000000000000000000000000000000
30.0243740081787109375000000000000000000000000000000000000000000000000000000000000000000000000000000000
-454.0107116699218750000000000000000000000000000000000000000000000000000000000000000000000000000000000000
8.0200586318969726562500000000000000000000000000000000000000000000000000000000000000000000000000000000
-353.9978027343750000000000000000000000000000000000000000000000000000000000000000000000000000000000000000
435.9845886230468750000000000000000000000000000000000000000000000000000000000000000000000000000000000000
-48.9852180480957031250000000000000000000000000000000000000000000000000000000000000000000000000000000000
90.9904022216796875000000000000000000000000000000000000000000000000000000000000000000000000000000000000
-240.9864959716796875000000000000000000000000000000000000000000000000000000000000000000000000000000000000
856.9870605468750000000000000000000000000000000000000000000000000000000000000000000000000000000000000000
-487.9995727539062500000000000000000000000000000000000000000000000000000000000000000000000000000000000000
225.9901275634765625000000000000000000000000000000000000000000000000000000000000000000000000000000000000
-762.0007324218750000000000000000000000000000000000000000000000000000000000000000000000000000000000000000
460.9979858398437500000000000000000000000000000000000000000000000000000000000000000000000000000000000000
-917.0316162109375000000000000000000000000000000000000000000000000000000000000000000000000000000000000000
715.0449829101562500000000000000000000000000000000000000000000000000000000000000000000000000000000000000
-433.0163574218750000000000000000000000000000000000000000000000000000000000000000000000000000000000000000
392.9821166992187500000000000000000000000000000000000000000000000000000000000000000000000000000000000000
-633.0008544921875000000000000000000000000000000000000000000000000000000000000000000000000000000000000000
326.9930419921875000000000000000000000000000000000000000000000000000000000000000000000000000000000000000
-998.9874877929687500000000000000000000000000000000000000000000000000000000000000000000000000000000000000
126.9840698242187500000000000000000000000000000000000000000000000000000000000000000000000000000000000000
-22.9860401153564453125000000000000000000000000000000000000000000000000000000000000000000000000000000000
109.9894332885742187500000000000000000000000000000000000000000000000000000000000000000000000000000000000
-883.9886474609375000000000000000000000000000000000000000000000000000000000000000000000000000000000000000
368.9971923828125000000000000000000000000000000000000000000000000000000000000000000000000000000000000000
-439.9805908203125000000000000000000000000000000000000000000000000000000000000000000000000000000000000000
124.0221099853515625000000000000000000000000000000000000000000000000000000000000000000000000000000000000
-856.0410156250000000000000000000000000000000000000000000000000000000000000000000000000000000000000000000
691.0459594726562500000000000000000000000000000000000000000000000000000000000000000000000000000000000000
-282.9862976074218750000000000000000000000000000000000000000000000000000000000000000000000000000000000000
685.0138549804687500000000000000000000000000000000000000000000000000000000000000000000000000000000000000
-609.9918823242187500000000000000000000000000000000000000000000000000000000000000000000000000000000000000
192.9840850830078125000000000000000000000000000000000000000000000000000000000000000000000000000000000000
-345.9827880859375000000000000000000000000000000000000000000000000000000000000000000000000000000000000000
154.9856567382812500000000000000000000000000000000000000000000000000000000000000000000000000000000000000
-623.9876708984375000000000000000000000000000000000000000000000000000000000000000000000000000000000000000
804.9965820312500000000000000000000000000000000000000000000000000000000000000000000000000000000000000000
-949.9863281250000000000000000000000000000000000000000000000000000000000000000000000000000000000000000000
754.9915771484375000000000000000000000000000000000000000000000000000000000000000000000000000000000000000
-831.0180664062500000000000000000000000000000000000000000000000000000000000000000000000000000000000000000
457.0053405761718750000000000000000000000000000000000000000000000000000000000000000000000000000000000000
-932.0681762695312500000000000000000000000000000000000000000000000000000000000000000000000000000000000000
895.0070190429687500000000000000000000000000000000000000000000000000000000000000000000000000000000000000
-582.0047607421875000000000000000000000000000000000000000000000000000000000000000000000000000000000000000
33.9885711669921875000000000000000000000000000000000000000000000000000000000000000000000000000000000000
-406.9729919433593750000000000000000000000000000000000000000000000000000000000000000000000000000000000000
745.9885864257812500000000000000000000000000000000000000000000000000000000000000000000000000000000000000
-142.9911804199218750000000000000000000000000000000000000000000000000000000000000000000000000000000000000
253.9896850585937500000000000000000000000000000000000000000000000000000000000000000000000000000000000000
-400.9899291992187500000000000000000000000000000000000000000000000000000000000000000000000000000000000000
385.9900512695312500000000000000000000000000000000000000000000000000000000000000000000000000000000000000
-166.0016479492187500000000000000000000000000000000000000000000000000000000000000000000000000000000000000
93.9957885742187500000000000000000000000000000000000000000000000000000000000000000000000000000000000000
-769.0023193359375000000000000000000000000000000000000000000000000000000000000000000000000000000000000000
739.9977416992187500000000000000000000000000000000000000000000000000000000000000000000000000000000000000
-824.0642089843750000000000000000000000000000000000000000000000000000000000000000000000000000000000000000
292.9960021972656250000000000000000000000000000000000000000000000000000000000000000000000000000000000000
-523.0001220703125000000000000000000000000000000000000000000000000000000000000000000000000000000000000000
831.0026855468750000000000000000000000000000000000000000000000000000000000000000000000000000000000000000
-555.9829711914062500000000000000000000000000000000000000000000000000000000000000000000000000000000000000
679.9879150390625000000000000000000000000000000000000000000000000000000000000000000000000000000000000000
-455.9876403808593750000000000000000000000000000000000000000000000000000000000000000000000000000000000000
537.9829101562500000000000000000000000000000000000000000000000000000000000000000000000000000000000000000
-754.9834594726562500000000000000000000000000000000000000000000000000000000000000000000000000000000000000
233.9909667968750000000000000000000000000000000000000000000000000000000000000000000000000000000000000000
-50.9841613769531250000000000000000000000000000000000000000000000000000000000000000000000000000000000000
600.9898071289062500000000000000000000000000000000000000000000000000000000000000000000000000000000000000
-988.0038452148437500000000000000000000000000000000000000000000000000000000000000000000000000000000000000
409.0485229492187500000000000000000000000000000000000000000000000000000000000000000000000000000000000000
-540.0293579101562500000000000000000000000000000000000000000000000000000000000000000000000000000000000000
219.0179595947265625000000000000000000000000000000000000000000000000000000000000000000000000000000000000
-95.0141525268554687500000000000000000000000000000000000000000000000000000000000000000000000000000000000
747.9942016601562500000000000000000000000000000000000000000000000000000000000000000000000000000000000000
-337.9944458007812500000000000000000000000000000000000000000000000000000000000000000000000000000000000000
551.9880981445312500000000000000000000000000000000000000000000000000000000000000000000000000000000000000
-891.9859619140625000000000000000000000000000000000000000000000000000000000000000000000000000000000000000
545.9883422851562500000000000000000000000000000000000000000000000000000000000000000000000000000000000000
-621.9863281250000000000000000000000000000000000000000000000000000000000000000000000000000000000000000000
745.0021362304687500000000000000000000000000000000000000000000000000000000000000000000000000000000000000
-821.9956665039062500000000000000000000000000000000000000000000000000000000000000000000000000000000000000
413.9772949218750000000000000000000000000000000000000000000000000000000000000000000000000000000000000000
-781.0101318359375000000000000000000000000000000000000000000000000000000000000000000000000000000000000000
0.0204585567116737365722656250000000000000000000000000000000000000000000000000000000000000000000000000
-0.0080495346337556838989257812500000000000000000000000000000000000000000000000000000000000000000000000
0.0044227354228496551513671875000000000000000000000000000000000000000000000000000000000000000000000000
-0.0025380135048180818557739257812500000000000000000000000000000000000000000000000000000000000000000000
0.0014195156982168555259704589843750000000000000000000000000000000000000000000000000000000000000000000
-0.0007407460943795740604400634765625000000000000000000000000000000000000000000000000000000000000000000
0.0003492855466902256011962890625000000000000000000000000000000000000000000000000000000000000000000000
-0.0001357814035145565867424011230468750000000000000000000000000000000000000000000000000000000000000000
0.0000286605827568564563989639282226562500000000000000000000000000000000000000000000000000000000000000
