-0.0000018901232579082716256380081176757812500000000000000000000000000000000000000000000000000000000000
-0.0000436235313827637583017349243164062500000000000000000000000000000000000000000000000000000000000000
-0.0003648493438959121704101562500000000000000000000000000000000000000000000000000000000000000000000000
-0.0013200584799051284790039062500000000000000000000000000000000000000000000000000000000000000000000000
0.0027654999867081642150878906250000000000000000000000000000000000000000000000000000000000000000000000
0.0108823860064148902893066406250000000000000000000000000000000000000000000000000000000000000000000000
-0.0756400078535079956054687500000000000000000000000000000000000000000000000000000000000000000000000000
-0.3429577350616455078125000000000000000000000000000000000000000000000000000000000000000000000000000000
1.6449022293090820312500000000000000000000000000000000000000000000000000000000000000000000000000000000
2.2640593051910400390625000000000000000000000000000000000000000000000000000000000000000000000000000000
-1.0233712196350097656250000000000000000000000000000000000000000000000000000000000000000000000000000000
1.8358321189880371093750000000000000000000000000000000000000000000000000000000000000000000000000000000
-0.8277789354324340820312500000000000000000000000000000000000000000000000000000000000000000000000000000
-2.1077680587768554687500000000000000000000000000000000000000000000000000000000000000000000000000000000
-0.8607293367385864257812500000000000000000000000000000000000000000000000000000000000000000000000000000
4.1450004577636718750000000000000000000000000000000000000000000000000000000000000000000000000000000000
-0.7359992861747741699218750000000000000000000000000000000000000000000000000000000000000000000000000000
-2.1881668567657470703125000000000000000000000000000000000000000000000000000000000000000000000000000000
3.2358005046844482421875000000000000000000000000000000000000000000000000000000000000000000000000000000
4.6862106323242187500000000000000000000000000000000000000000000000000000000000000000000000000000000000
-4.1531949043273925781250000000000000000000000000000000000000000000000000000000000000000000000000000000
-1.0861270427703857421875000000000000000000000000000000000000000000000000000000000000000000000000000000
3.3086802959442138671875000000000000000000000000000000000000000000000000000000000000000000000000000000
2.8198080062866210937500000000000000000000000000000000000000000000000000000000000000000000000000000000
0.5067764520645141601562500000000000000000000000000000000000000000000000000000000000000000000000000000
-2.3857138156890869140625000000000000000000000000000000000000000000000000000000000000000000000000000000
0.5991141200065612792968750000000000000000000000000000000000000000000000000000000000000000000000000000
3.8150238990783691406250000000000000000000000000000000000000000000000000000000000000000000000000000000
-1.8436493873596191406250000000000000000000000000000000000000000000000000000000000000000000000000000000
0.9490429759025573730468750000000000000000000000000000000000000000000000000000000000000000000000000000
-0.3025733232498168945312500000000000000000000000000000000000000000000000000000000000000000000000000000
-0.3459847867488861083984375000000000000000000000000000000000000000000000000000000000000000000000000000
2.4287848472595214843750000000000000000000000000000000000000000000000000000000000000000000000000000000
0.5984810590744018554687500000000000000000000000000000000000000000000000000000000000000000000000000000
0.1520475894212722778320312500000000000000000000000000000000000000000000000000000000000000000000000000
-1.0089136362075805664062500000000000000000000000000000000000000000000000000000000000000000000000000000
4.2000122070312500000000000000000000000000000000000000000000000000000000000000000000000000000000000000
1.7366874217987060546875000000000000000000000000000000000000000000000000000000000000000000000000000000
-4.9812817573547363281250000000000000000000000000000000000000000000000000000000000000000000000000000000
1.1052942276000976562500000000000000000000000000000000000000000000000000000000000000000000000000000000
2.0852360725402832031250000000000000000000000000000000000000000000000000000000000000000000000000000000
1.4341487884521484375000000000000000000000000000000000000000000000000000000000000000000000000000000000
0.9596123099327087402343750000000000000000000000000000000000000000000000000000000000000000000000000000
-0.0275994054973125457763671875000000000000000000000000000000000000000000000000000000000000000000000000
-4.2197179794311523437500000000000000000000000000000000000000000000000000000000000000000000000000000000
0.9325447678565979003906250000000000000000000000000000000000000000000000000000000000000000000000000000
-1.7559454441070556640625000000000000000000000000000000000000000000000000000000000000000000000000000000
-3.9688708782196044921875000000000000000000000000000000000000000000000000000000000000000000000000000000
-2.2596182823181152343750000000000000000000000000000000000000000000000000000000000000000000000000000000
2.4808580875396728515625000000000000000000000000000000000000000000000000000000000000000000000000000000
-3.2348303794860839843750000000000000000000000000000000000000000000000000000000000000000000000000000000
-0.7200477123260498046875000000000000000000000000000000000000000000000000000000000000000000000000000000
-1.9310240745544433593750000000000000000000000000000000000000000000000000000000000000000000000000000000
3.6485500335693359375000000000000000000000000000000000000000000000000000000000000000000000000000000000
-1.6066985130310058593750000000000000000000000000000000000000000000000000000000000000000000000000000000
0.4998997449874877929687500000000000000000000000000000000000000000000000000000000000000000000000000000
4.8947262763977050781250000000000000000000000000000000000000000000000000000000000000000000000000000000
-1.3769472837448120117187500000000000000000000000000000000000000000000000000000000000000000000000000000
0.3586782515048980712890625000000000000000000000000000000000000000000000000000000000000000000000000000
-0.4461696445941925048828125000000000000000000000000000000000000000000000000000000000000000000000000000
-2.0057539939880371093750000000000000000000000000000000000000000000000000000000000000000000000000000000
-0.0740546807646751403808593750000000000000000000000000000000000000000000000000000000000000000000000000
2.4391627311706542968750000000000000000000000000000000000000000000000000000000000000000000000000000000
1.9975553750991821289062500000000000000000000000000000000000000000000000000000000000000000000000000000
1.5769680738449096679687500000000000000000000000000000000000000000000000000000000000000000000000000000
-1.7627153396606445312500000000000000000000000000000000000000000000000000000000000000000000000000000000
3.1866927146911621093750000000000000000000000000000000000000000000000000000000000000000000000000000000
-3.8180093765258789062500000000000000000000000000000000000000000000000000000000000000000000000000000000
1.2040270566940307617187500000000000000000000000000000000000000000000000000000000000000000000000000000
2.9741666316986083984375000000000000000000000000000000000000000000000000000000000000000000000000000000
-1.1407227516174316406250000000000000000000000000000000000000000000000000000000000000000000000000000000
-1.0816233158111572265625000000000000000000000000000000000000000000000000000000000000000000000000000000
0.8219409584999084472656250000000000000000000000000000000000000000000000000000000000000000000000000000
-2.8429627418518066406250000000000000000000000000000000000000000000000000000000000000000000000000000000
3.1106495857238769531250000000000000000000000000000000000000000000000000000000000000000000000000000000
-1.2390708923339843750000000000000000000000000000000000000000000000000000000000000000000000000000000000
-0.9553831815719604492187500000000000000000000000000000000000000000000000000000000000000000000000000000
1.4407187700271606445312500000000000000000000000000000000000000000000000000000000000000000000000000000
-1.2094490528106689453125000000000000000000000000000000000000000000000000000000000000000000000000000000
-3.4562258720397949218750000000000000000000000000000000000000000000000000000000000000000000000000000000
-1.6438218355178833007812500000000000000000000000000000000000000000000000000000000000000000000000000000
-1.2162023782730102539062500000000000000000000000000000000000000000000000000000000000000000000000000000
2.4631583690643310546875000000000000000000000000000000000000000000000000000000000000000000000000000000
-1.2480020523071289062500000000000000000000000000000000000000000000000000000000000000000000000000000000
0.2662085592746734619140625000000000000000000000000000000000000000000000000000000000000000000000000000
-1.4426850080490112304687500000000000000000000000000000000000000000000000000000000000000000000000000000
-1.7889051437377929687500000000000000000000000000000000000000000000000000000000000000000000000000000000
1.1782143115997314453125000000000000000000000000000000000000000000000000000000000000000000000000000000
-1.0755487680435180664062500000000000000000000000000000000000000000000000000000000000000000000000000000
3.5906834602355957031250000000000000000000000000000000000000000000000000000000000000000000000000000000
-0.0124051189050078392028808593750000000000000000000000000000000000000000000000000000000000000000000000
3.6382236480712890625000000000000000000000000000000000000000000000000000000000000000000000000000000000
-0.5223889350891113281250000000000000000000000000000000000000000000000000000000000000000000000000000000
-0.1038802117109298706054687500000000000000000000000000000000000000000000000000000000000000000000000000
-0.7914984226226806640625000000000000000000000000000000000000000000000000000000000000000000000000000000
-0.4663768112659454345703125000000000000000000000000000000000000000000000000000000000000000000000000000
-1.2268449068069458007812500000000000000000000000000000000000000000000000000000000000000000000000000000
0.5400761365890502929687500000000000000000000000000000000000000000000000000000000000000000000000000000
-2.4518294334411621093750000000000000000000000000000000000000000000000000000000000000000000000000000000
1.4311501979827880859375000000000000000000000000000000000000000000000000000000000000000000000000000000
-0.8517239689826965332031250000000000000000000000000000000000000000000000000000000000000000000000000000
-1.4748497009277343750000000000000000000000000000000000000000000000000000000000000000000000000000000000
-2.9975068569183349609375000000000000000000000000000000000000000000000000000000000000000000000000000000
1.2872350215911865234375000000000000000000000000000000000000000000000000000000000000000000000000000000
0.1619613766670227050781250000000000000000000000000000000000000000000000000000000000000000000000000000
1.9121302366256713867187500000000000000000000000000000000000000000000000000000000000000000000000000000
-0.4905806481838226318359375000000000000000000000000000000000000000000000000000000000000000000000000000
-0.3096188604831695556640625000000000000000000000000000000000000000000000000000000000000000000000000000
0.5530950427055358886718750000000000000000000000000000000000000000000000000000000000000000000000000000
1.9729348421096801757812500000000000000000000000000000000000000000000000000000000000000000000000000000
-2.1500871181488037109375000000000000000000000000000000000000000000000000000000000000000000000000000000
1.6570470333099365234375000000000000000000000000000000000000000000000000000000000000000000000000000000
-2.6256005764007568359375000000000000000000000000000000000000000000000000000000000000000000000000000000
0.5094406604766845703125000000000000000000000000000000000000000000000000000000000000000000000000000000
1.1620646715164184570312500000000000000000000000000000000000000000000000000000000000000000000000000000
-1.0564864873886108398437500000000000000000000000000000000000000000000000000000000000000000000000000000
1.1142575740814208984375000000000000000000000000000000000000000000000000000000000000000000000000000000
0.1324704140424728393554687500000000000000000000000000000000000000000000000000000000000000000000000000
0.0972423851490020751953125000000000000000000000000000000000000000000000000000000000000000000000000000
-1.1074607372283935546875000000000000000000000000000000000000000000000000000000000000000000000000000000
3.1986758708953857421875000000000000000000000000000000000000000000000000000000000000000000000000000000
-2.6392695903778076171875000000000000000000000000000000000000000000000000000000000000000000000000000000
0.0653137937188148498535156250000000000000000000000000000000000000000000000000000000000000000000000000
-1.4189054965972900390625000000000000000000000000000000000000000000000000000000000000000000000000000000
-1.8850680589675903320312500000000000000000000000000000000000000000000000000000000000000000000000000000
-0.5638548135757446289062500000000000000000000000000000000000000000000000000000000000000000000000000000
-1.5254775285720825195312500000000000000000000000000000000000000000000000000000000000000000000000000000
-0.5908873081207275390625000000000000000000000000000000000000000000000000000000000000000000000000000000
2.0792202949523925781250000000000000000000000000000000000000000000000000000000000000000000000000000000
-3.2280025482177734375000000000000000000000000000000000000000000000000000000000000000000000000000000000
2.4144227504730224609375000000000000000000000000000000000000000000000000000000000000000000000000000000
0.3300598859786987304687500000000000000000000000000000000000000000000000000000000000000000000000000000
3.1095039844512939453125000000000000000000000000000000000000000000000000000000000000000000000000000000
-1.5022045373916625976562500000000000000000000000000000000000000000000000000000000000000000000000000000
2.4858295917510986328125000000000000000000000000000000000000000000000000000000000000000000000000000000
-4.1517162322998046875000000000000000000000000000000000000000000000000000000000000000000000000000000000
-0.1867907494306564331054687500000000000000000000000000000000000000000000000000000000000000000000000000
-1.0400811433792114257812500000000000000000000000000000000000000000000000000000000000000000000000000000
1.9936090707778930664062500000000000000000000000000000000000000000000000000000000000000000000000000000
1.0371617078781127929687500000000000000000000000000000000000000000000000000000000000000000000000000000
-1.5097589492797851562500000000000000000000000000000000000000000000000000000000000000000000000000000000
1.4764853715896606445312500000000000000000000000000000000000000000000000000000000000000000000000000000
-2.6586420536041259765625000000000000000000000000000000000000000000000000000000000000000000000000000000
0.6442948579788208007812500000000000000000000000000000000000000000000000000000000000000000000000000000
1.8605948686599731445312500000000000000000000000000000000000000000000000000000000000000000000000000000
-1.8867731094360351562500000000000000000000000000000000000000000000000000000000000000000000000000000000
5.1079239845275878906250000000000000000000000000000000000000000000000000000000000000000000000000000000
-2.2116754055023193359375000000000000000000000000000000000000000000000000000000000000000000000000000000
1.4080414772033691406250000000000000000000000000000000000000000000000000000000000000000000000000000000
-0.2396756261587142944335937500000000000000000000000000000000000000000000000000000000000000000000000000
-0.5193060040473937988281250000000000000000000000000000000000000000000000000000000000000000000000000000
-1.1384856700897216796875000000000000000000000000000000000000000000000000000000000000000000000000000000
3.6385192871093750000000000000000000000000000000000000000000000000000000000000000000000000000000000000
0.8818690180778503417968750000000000000000000000000000000000000000000000000000000000000000000000000000
-0.3980477154254913330078125000000000000000000000000000000000000000000000000000000000000000000000000000
2.3723487854003906250000000000000000000000000000000000000000000000000000000000000000000000000000000000
-3.8481419086456298828125000000000000000000000000000000000000000000000000000000000000000000000000000000
3.3891603946685791015625000000000000000000000000000000000000000000000000000000000000000000000000000000
-0.3322239518165588378906250000000000000000000000000000000000000000000000000000000000000000000000000000
-2.6260406970977783203125000000000000000000000000000000000000000000000000000000000000000000000000000000
1.2386285066604614257812500000000000000000000000000000000000000000000000000000000000000000000000000000
-3.3926494121551513671875000000000000000000000000000000000000000000000000000000000000000000000000000000
1.1022729873657226562500000000000000000000000000000000000000000000000000000000000000000000000000000000
2.5858461856842041015625000000000000000000000000000000000000000000000000000000000000000000000000000000
0.7893711924552917480468750000000000000000000000000000000000000000000000000000000000000000000000000000
-1.8993331193923950195312500000000000000000000000000000000000000000000000000000000000000000000000000000
-2.0963561534881591796875000000000000000000000000000000000000000000000000000000000000000000000000000000
-0.0490048415958881378173828125000000000000000000000000000000000000000000000000000000000000000000000000
1.2771701812744140625000000000000000000000000000000000000000000000000000000000000000000000000000000000
-1.4172893762588500976562500000000000000000000000000000000000000000000000000000000000000000000000000000
2.1043086051940917968750000000000000000000000000000000000000000000000000000000000000000000000000000000
0.5771269798278808593750000000000000000000000000000000000000000000000000000000000000000000000000000000
0.7710495591163635253906250000000000000000000000000000000000000000000000000000000000000000000000000000
2.3587830066680908203125000000000000000000000000000000000000000000000000000000000000000000000000000000
0.7780630588531494140625000000000000000000000000000000000000000000000000000000000000000000000000000000
2.9897575378417968750000000000000000000000000000000000000000000000000000000000000000000000000000000000
-2.7319953441619873046875000000000000000000000000000000000000000000000000000000000000000000000000000000
2.3372981548309326171875000000000000000000000000000000000000000000000000000000000000000000000000000000
-1.0798943042755126953125000000000000000000000000000000000000000000000000000000000000000000000000000000
-1.5095607042312622070312500000000000000000000000000000000000000000000000000000000000000000000000000000
1.2759907245635986328125000000000000000000000000000000000000000000000000000000000000000000000000000000
1.1211246252059936523437500000000000000000000000000000000000000000000000000000000000000000000000000000
-0.8044275641441345214843750000000000000000000000000000000000000000000000000000000000000000000000000000
0.4978976547718048095703125000000000000000000000000000000000000000000000000000000000000000000000000000
3.1027204990386962890625000000000000000000000000000000000000000000000000000000000000000000000000000000
-3.0082666873931884765625000000000000000000000000000000000000000000000000000000000000000000000000000000
-2.8079788684844970703125000000000000000000000000000000000000000000000000000000000000000000000000000000
2.9954020977020263671875000000000000000000000000000000000000000000000000000000000000000000000000000000
-1.5259866714477539062500000000000000000000000000000000000000000000000000000000000000000000000000000000
0.7871351838111877441406250000000000000000000000000000000000000000000000000000000000000000000000000000
-1.2062025070190429687500000000000000000000000000000000000000000000000000000000000000000000000000000000
-1.1477352380752563476562500000000000000000000000000000000000000000000000000000000000000000000000000000
5.1867680549621582031250000000000000000000000000000000000000000000000000000000000000000000000000000000
-0.8763784766197204589843750000000000000000000000000000000000000000000000000000000000000000000000000000
0.0748195946216583251953125000000000000000000000000000000000000000000000000000000000000000000000000000
3.8893878459930419921875000000000000000000000000000000000000000000000000000000000000000000000000000000
-2.0798776149749755859375000000000000000000000000000000000000000000000000000000000000000000000000000000
2.8825075626373291015625000000000000000000000000000000000000000000000000000000000000000000000000000000
1.5358624458312988281250000000000000000000000000000000000000000000000000000000000000000000000000000000
1.6523683071136474609375000000000000000000000000000000000000000000000000000000000000000000000000000000
-4.0638842582702636718750000000000000000000000000000000000000000000000000000000000000000000000000000000
0.0663045048713684082031250000000000000000000000000000000000000000000000000000000000000000000000000000
-2.0756905078887939453125000000000000000000000000000000000000000000000000000000000000000000000000000000
-0.6815894842147827148437500000000000000000000000000000000000000000000000000000000000000000000000000000
-4.3764343261718750000000000000000000000000000000000000000000000000000000000000000000000000000000000000
4.7781143188476562500000000000000000000000000000000000000000000000000000000000000000000000000000000000
3.5794162750244140625000000000000000000000000000000000000000000000000000000000000000000000000000000000
-0.4837453067302703857421875000000000000000000000000000000000000000000000000000000000000000000000000000
1.5958496332168579101562500000000000000000000000000000000000000000000000000000000000000000000000000000
-3.1458799839019775390625000000000000000000000000000000000000000000000000000000000000000000000000000000
3.8299975395202636718750000000000000000000000000000000000000000000000000000000000000000000000000000000
-1.3431972265243530273437500000000000000000000000000000000000000000000000000000000000000000000000000000
-0.8851546049118041992187500000000000000000000000000000000000000000000000000000000000000000000000000000
1.4454499483108520507812500000000000000000000000000000000000000000000000000000000000000000000000000000
-1.0914256572723388671875000000000000000000000000000000000000000000000000000000000000000000000000000000
2.1654863357543945312500000000000000000000000000000000000000000000000000000000000000000000000000000000
-0.1355559378862380981445312500000000000000000000000000000000000000000000000000000000000000000000000000
-0.4405197501182556152343750000000000000000000000000000000000000000000000000000000000000000000000000000
0.6133854389190673828125000000000000000000000000000000000000000000000000000000000000000000000000000000
1.0643520355224609375000000000000000000000000000000000000000000000000000000000000000000000000000000000
2.7814948558807373046875000000000000000000000000000000000000000000000000000000000000000000000000000000
-3.4617624282836914062500000000000000000000000000000000000000000000000000000000000000000000000000000000
1.8983554840087890625000000000000000000000000000000000000000000000000000000000000000000000000000000000
-3.5160460472106933593750000000000000000000000000000000000000000000000000000000000000000000000000000000
-1.4580411911010742187500000000000000000000000000000000000000000000000000000000000000000000000000000000
-1.2489670515060424804687500000000000000000000000000000000000000000000000000000000000000000000000000000
2.9428777694702148437500000000000000000000000000000000000000000000000000000000000000000000000000000000
-4.1216669082641601562500000000000000000000000000000000000000000000000000000000000000000000000000000000
4.5611119270324707031250000000000000000000000000000000000000000000000000000000000000000000000000000000
-2.1720027923583984375000000000000000000000000000000000000000000000000000000000000000000000000000000000
0.2207113951444625854492187500000000000000000000000000000000000000000000000000000000000000000000000000
0.1515771895647048950195312500000000000000000000000000000000000000000000000000000000000000000000000000
0.0102504799142479896545410156250000000000000000000000000000000000000000000000000000000000000000000000
0.0012756543001160025596618652343750000000000000000000000000000000000000000000000000000000000000000000
0.0024207124952226877212524414062500000000000000000000000000000000000000000000000000000000000000000000
0.0006263026734814047813415527343750000000000000000000000000000000000000000000000000000000000000000000
0.0000692754838382825255393981933593750000000000000000000000000000000000000000000000000000000000000000
0.0000000000000000000000000000000000000000000000000000000000000000000000000000000000000000000000000000
