0.0000000000000826028901854646002700377493965788744390010833740234375000000000000000000000000000000000
0.0000000000015698415874523807822527032840298488736152648925781250000000000000000000000000000000000000
0.0000000000130363636552388584277650807052850723266601562500000000000000000000000000000000000000000000
0.0000000000402551048050980853076907806098461151123046875000000000000000000000000000000000000000000000
0.0103854127228260040283203125000000000000000000000000000000000000000000000000000000000000000000000000
0.0957176983356475830078125000000000000000000000000000000000000000000000000000000000000000000000000000
0.1629486829042434692382812500000000000000000000000000000000000000000000000000000000000000000000000000
-1.0501925945281982421875000000000000000000000000000000000000000000000000000000000000000000000000000000
0.3447262346744537353515625000000000000000000000000000000000000000000000000000000000000000000000000000
1.5870052576065063476562500000000000000000000000000000000000000000000000000000000000000000000000000000
-0.8287597298622131347656250000000000000000000000000000000000000000000000000000000000000000000000000000
-3.3781430721282958984375000000000000000000000000000000000000000000000000000000000000000000000000000000
-0.0543851368129253387451171875000000000000000000000000000000000000000000000000000000000000000000000000
0.3584263622760772705078125000000000000000000000000000000000000000000000000000000000000000000000000000
-0.7635554075241088867187500000000000000000000000000000000000000000000000000000000000000000000000000000
1.6093808412551879882812500000000000000000000000000000000000000000000000000000000000000000000000000000
-1.7145446538925170898437500000000000000000000000000000000000000000000000000000000000000000000000000000
-1.7586976289749145507812500000000000000000000000000000000000000000000000000000000000000000000000000000
4.8307375907897949218750000000000000000000000000000000000000000000000000000000000000000000000000000000
-3.6161620616912841796875000000000000000000000000000000000000000000000000000000000000000000000000000000
0.4557430446147918701171875000000000000000000000000000000000000000000000000000000000000000000000000000
-3.6635844707489013671875000000000000000000000000000000000000000000000000000000000000000000000000000000
-1.4863071441650390625000000000000000000000000000000000000000000000000000000000000000000000000000000000
-2.9421963691711425781250000000000000000000000000000000000000000000000000000000000000000000000000000000
3.6859753131866455078125000000000000000000000000000000000000000000000000000000000000000000000000000000
-2.8467540740966796875000000000000000000000000000000000000000000000000000000000000000000000000000000000
-1.6333118677139282226562500000000000000000000000000000000000000000000000000000000000000000000000000000
0.9804259538650512695312500000000000000000000000000000000000000000000000000000000000000000000000000000
0.4524150490760803222656250000000000000000000000000000000000000000000000000000000000000000000000000000
-1.4102404117584228515625000000000000000000000000000000000000000000000000000000000000000000000000000000
3.3512907028198242187500000000000000000000000000000000000000000000000000000000000000000000000000000000
4.7941083908081054687500000000000000000000000000000000000000000000000000000000000000000000000000000000
2.4518511295318603515625000000000000000000000000000000000000000000000000000000000000000000000000000000
-0.1653375774621963500976562500000000000000000000000000000000000000000000000000000000000000000000000000
-3.9408736228942871093750000000000000000000000000000000000000000000000000000000000000000000000000000000
0.8488156795501708984375000000000000000000000000000000000000000000000000000000000000000000000000000000
2.1756904125213623046875000000000000000000000000000000000000000000000000000000000000000000000000000000
-0.6959014534950256347656250000000000000000000000000000000000000000000000000000000000000000000000000000
1.1218247413635253906250000000000000000000000000000000000000000000000000000000000000000000000000000000
-1.9430534839630126953125000000000000000000000000000000000000000000000000000000000000000000000000000000
2.0729348659515380859375000000000000000000000000000000000000000000000000000000000000000000000000000000
-0.9560306668281555175781250000000000000000000000000000000000000000000000000000000000000000000000000000
3.0077872276306152343750000000000000000000000000000000000000000000000000000000000000000000000000000000
1.6911872625350952148437500000000000000000000000000000000000000000000000000000000000000000000000000000
-0.4081630706787109375000000000000000000000000000000000000000000000000000000000000000000000000000000000
0.6793985962867736816406250000000000000000000000000000000000000000000000000000000000000000000000000000
1.3662750720977783203125000000000000000000000000000000000000000000000000000000000000000000000000000000
3.1594016551971435546875000000000000000000000000000000000000000000000000000000000000000000000000000000
-3.3666095733642578125000000000000000000000000000000000000000000000000000000000000000000000000000000000
3.9209423065185546875000000000000000000000000000000000000000000000000000000000000000000000000000000000
-3.2545092105865478515625000000000000000000000000000000000000000000000000000000000000000000000000000000
0.1018041670322418212890625000000000000000000000000000000000000000000000000000000000000000000000000000
0.8980246186256408691406250000000000000000000000000000000000000000000000000000000000000000000000000000
-0.4051190912723541259765625000000000000000000000000000000000000000000000000000000000000000000000000000
-1.9273071289062500000000000000000000000000000000000000000000000000000000000000000000000000000000000000
-1.6981585025787353515625000000000000000000000000000000000000000000000000000000000000000000000000000000
-2.9973368644714355468750000000000000000000000000000000000000000000000000000000000000000000000000000000
0.8789852857589721679687500000000000000000000000000000000000000000000000000000000000000000000000000000
2.5363004207611083984375000000000000000000000000000000000000000000000000000000000000000000000000000000
-5.5175118446350097656250000000000000000000000000000000000000000000000000000000000000000000000000000000
0.1156253218650817871093750000000000000000000000000000000000000000000000000000000000000000000000000000
-1.7600635290145874023437500000000000000000000000000000000000000000000000000000000000000000000000000000
1.2183352708816528320312500000000000000000000000000000000000000000000000000000000000000000000000000000
3.9410445690155029296875000000000000000000000000000000000000000000000000000000000000000000000000000000
-1.2010680437088012695312500000000000000000000000000000000000000000000000000000000000000000000000000000
1.7201496362686157226562500000000000000000000000000000000000000000000000000000000000000000000000000000
1.3075727224349975585937500000000000000000000000000000000000000000000000000000000000000000000000000000
-0.5699651837348937988281250000000000000000000000000000000000000000000000000000000000000000000000000000
-1.1263153553009033203125000000000000000000000000000000000000000000000000000000000000000000000000000000
0.7397893667221069335937500000000000000000000000000000000000000000000000000000000000000000000000000000
1.3146238327026367187500000000000000000000000000000000000000000000000000000000000000000000000000000000
-3.1895897388458251953125000000000000000000000000000000000000000000000000000000000000000000000000000000
-2.4889416694641113281250000000000000000000000000000000000000000000000000000000000000000000000000000000
-1.6543542146682739257812500000000000000000000000000000000000000000000000000000000000000000000000000000
-0.9380054473876953125000000000000000000000000000000000000000000000000000000000000000000000000000000000
-2.1099183559417724609375000000000000000000000000000000000000000000000000000000000000000000000000000000
4.0124483108520507812500000000000000000000000000000000000000000000000000000000000000000000000000000000
-3.6399998664855957031250000000000000000000000000000000000000000000000000000000000000000000000000000000
3.2256398200988769531250000000000000000000000000000000000000000000000000000000000000000000000000000000
-2.9264690876007080078125000000000000000000000000000000000000000000000000000000000000000000000000000000
-1.1804518699645996093750000000000000000000000000000000000000000000000000000000000000000000000000000000
0.7865968942642211914062500000000000000000000000000000000000000000000000000000000000000000000000000000
-2.2471292018890380859375000000000000000000000000000000000000000000000000000000000000000000000000000000
-1.2427024841308593750000000000000000000000000000000000000000000000000000000000000000000000000000000000
4.1080160140991210937500000000000000000000000000000000000000000000000000000000000000000000000000000000
1.4028246402740478515625000000000000000000000000000000000000000000000000000000000000000000000000000000
0.0970391854643821716308593750000000000000000000000000000000000000000000000000000000000000000000000000
1.6467363834381103515625000000000000000000000000000000000000000000000000000000000000000000000000000000
-3.6531000137329101562500000000000000000000000000000000000000000000000000000000000000000000000000000000
1.0297787189483642578125000000000000000000000000000000000000000000000000000000000000000000000000000000
-2.3056986331939697265625000000000000000000000000000000000000000000000000000000000000000000000000000000
0.8107271790504455566406250000000000000000000000000000000000000000000000000000000000000000000000000000
2.4310405254364013671875000000000000000000000000000000000000000000000000000000000000000000000000000000
1.5478416681289672851562500000000000000000000000000000000000000000000000000000000000000000000000000000
-4.2941708564758300781250000000000000000000000000000000000000000000000000000000000000000000000000000000
-1.9831126928329467773437500000000000000000000000000000000000000000000000000000000000000000000000000000
-1.9904340505599975585937500000000000000000000000000000000000000000000000000000000000000000000000000000
-3.5789327621459960937500000000000000000000000000000000000000000000000000000000000000000000000000000000
1.5720840692520141601562500000000000000000000000000000000000000000000000000000000000000000000000000000
-0.0801299288868904113769531250000000000000000000000000000000000000000000000000000000000000000000000000
0.2705807685852050781250000000000000000000000000000000000000000000000000000000000000000000000000000000
0.3862374424934387207031250000000000000000000000000000000000000000000000000000000000000000000000000000
-0.8597601652145385742187500000000000000000000000000000000000000000000000000000000000000000000000000000
3.2484271526336669921875000000000000000000000000000000000000000000000000000000000000000000000000000000
4.6493735313415527343750000000000000000000000000000000000000000000000000000000000000000000000000000000
-1.0684586763381958007812500000000000000000000000000000000000000000000000000000000000000000000000000000
-1.0880929231643676757812500000000000000000000000000000000000000000000000000000000000000000000000000000
-1.6409368515014648437500000000000000000000000000000000000000000000000000000000000000000000000000000000
2.2845735549926757812500000000000000000000000000000000000000000000000000000000000000000000000000000000
0.2635101675987243652343750000000000000000000000000000000000000000000000000000000000000000000000000000
2.8034262657165527343750000000000000000000000000000000000000000000000000000000000000000000000000000000
-4.2499184608459472656250000000000000000000000000000000000000000000000000000000000000000000000000000000
2.1772632598876953125000000000000000000000000000000000000000000000000000000000000000000000000000000000
-3.5412635803222656250000000000000000000000000000000000000000000000000000000000000000000000000000000000
3.2957148551940917968750000000000000000000000000000000000000000000000000000000000000000000000000000000
-0.8273322582244873046875000000000000000000000000000000000000000000000000000000000000000000000000000000
-3.3092756271362304687500000000000000000000000000000000000000000000000000000000000000000000000000000000
0.0626253560185432434082031250000000000000000000000000000000000000000000000000000000000000000000000000
-0.2571282088756561279296875000000000000000000000000000000000000000000000000000000000000000000000000000
1.5772013664245605468750000000000000000000000000000000000000000000000000000000000000000000000000000000
0.5395975112915039062500000000000000000000000000000000000000000000000000000000000000000000000000000000
-0.6734324693679809570312500000000000000000000000000000000000000000000000000000000000000000000000000000
-0.1627760380506515502929687500000000000000000000000000000000000000000000000000000000000000000000000000
-2.0783777236938476562500000000000000000000000000000000000000000000000000000000000000000000000000000000
2.3488242626190185546875000000000000000000000000000000000000000000000000000000000000000000000000000000
3.2899885177612304687500000000000000000000000000000000000000000000000000000000000000000000000000000000
-3.7075967788696289062500000000000000000000000000000000000000000000000000000000000000000000000000000000
4.4668536186218261718750000000000000000000000000000000000000000000000000000000000000000000000000000000
1.2762790918350219726562500000000000000000000000000000000000000000000000000000000000000000000000000000
2.4666142463684082031250000000000000000000000000000000000000000000000000000000000000000000000000000000
1.9828352928161621093750000000000000000000000000000000000000000000000000000000000000000000000000000000
-0.5959018468856811523437500000000000000000000000000000000000000000000000000000000000000000000000000000
1.7218729257583618164062500000000000000000000000000000000000000000000000000000000000000000000000000000
-2.4107761383056640625000000000000000000000000000000000000000000000000000000000000000000000000000000000
0.3879356682300567626953125000000000000000000000000000000000000000000000000000000000000000000000000000
-1.1435431241989135742187500000000000000000000000000000000000000000000000000000000000000000000000000000
-0.8436070680618286132812500000000000000000000000000000000000000000000000000000000000000000000000000000
2.1060450077056884765625000000000000000000000000000000000000000000000000000000000000000000000000000000
-1.6242536306381225585937500000000000000000000000000000000000000000000000000000000000000000000000000000
3.5118205547332763671875000000000000000000000000000000000000000000000000000000000000000000000000000000
1.3184002637863159179687500000000000000000000000000000000000000000000000000000000000000000000000000000
-2.9522335529327392578125000000000000000000000000000000000000000000000000000000000000000000000000000000
2.9697546958923339843750000000000000000000000000000000000000000000000000000000000000000000000000000000
3.7089862823486328125000000000000000000000000000000000000000000000000000000000000000000000000000000000
1.1743564605712890625000000000000000000000000000000000000000000000000000000000000000000000000000000000
1.6462705135345458984375000000000000000000000000000000000000000000000000000000000000000000000000000000
-2.4716238975524902343750000000000000000000000000000000000000000000000000000000000000000000000000000000
4.1348319053649902343750000000000000000000000000000000000000000000000000000000000000000000000000000000
2.0787062644958496093750000000000000000000000000000000000000000000000000000000000000000000000000000000
0.3490274846553802490234375000000000000000000000000000000000000000000000000000000000000000000000000000
3.9738628864288330078125000000000000000000000000000000000000000000000000000000000000000000000000000000
-3.9581842422485351562500000000000000000000000000000000000000000000000000000000000000000000000000000000
2.0292251110076904296875000000000000000000000000000000000000000000000000000000000000000000000000000000
-1.6568105220794677734375000000000000000000000000000000000000000000000000000000000000000000000000000000
2.9640557765960693359375000000000000000000000000000000000000000000000000000000000000000000000000000000
-3.7191212177276611328125000000000000000000000000000000000000000000000000000000000000000000000000000000
-0.2001788318157196044921875000000000000000000000000000000000000000000000000000000000000000000000000000
3.0226817131042480468750000000000000000000000000000000000000000000000000000000000000000000000000000000
-1.3723280429840087890625000000000000000000000000000000000000000000000000000000000000000000000000000000
-2.5984218120574951171875000000000000000000000000000000000000000000000000000000000000000000000000000000
-3.3365182876586914062500000000000000000000000000000000000000000000000000000000000000000000000000000000
2.4633052349090576171875000000000000000000000000000000000000000000000000000000000000000000000000000000
3.9366986751556396484375000000000000000000000000000000000000000000000000000000000000000000000000000000
-1.5183932781219482421875000000000000000000000000000000000000000000000000000000000000000000000000000000
-1.0895990133285522460937500000000000000000000000000000000000000000000000000000000000000000000000000000
-3.3581342697143554687500000000000000000000000000000000000000000000000000000000000000000000000000000000
2.5505974292755126953125000000000000000000000000000000000000000000000000000000000000000000000000000000
4.3321800231933593750000000000000000000000000000000000000000000000000000000000000000000000000000000000
3.0597996711730957031250000000000000000000000000000000000000000000000000000000000000000000000000000000
-1.5744849443435668945312500000000000000000000000000000000000000000000000000000000000000000000000000000
-3.6151199340820312500000000000000000000000000000000000000000000000000000000000000000000000000000000000
2.0084841251373291015625000000000000000000000000000000000000000000000000000000000000000000000000000000
1.4010792970657348632812500000000000000000000000000000000000000000000000000000000000000000000000000000
-0.6065539717674255371093750000000000000000000000000000000000000000000000000000000000000000000000000000
-4.5231337547302246093750000000000000000000000000000000000000000000000000000000000000000000000000000000
-0.0463642403483390808105468750000000000000000000000000000000000000000000000000000000000000000000000000
3.7471086978912353515625000000000000000000000000000000000000000000000000000000000000000000000000000000
-1.8163775205612182617187500000000000000000000000000000000000000000000000000000000000000000000000000000
-1.6442918777465820312500000000000000000000000000000000000000000000000000000000000000000000000000000000
-0.1025298386812210083007812500000000000000000000000000000000000000000000000000000000000000000000000000
-1.4328047037124633789062500000000000000000000000000000000000000000000000000000000000000000000000000000
3.0988972187042236328125000000000000000000000000000000000000000000000000000000000000000000000000000000
-2.5846536159515380859375000000000000000000000000000000000000000000000000000000000000000000000000000000
1.6766170263290405273437500000000000000000000000000000000000000000000000000000000000000000000000000000
0.4210556745529174804687500000000000000000000000000000000000000000000000000000000000000000000000000000
-1.0607938766479492187500000000000000000000000000000000000000000000000000000000000000000000000000000000
2.1869697570800781250000000000000000000000000000000000000000000000000000000000000000000000000000000000
-0.0671359822154045104980468750000000000000000000000000000000000000000000000000000000000000000000000000
1.9853537082672119140625000000000000000000000000000000000000000000000000000000000000000000000000000000
2.7459173202514648437500000000000000000000000000000000000000000000000000000000000000000000000000000000
3.7524788379669189453125000000000000000000000000000000000000000000000000000000000000000000000000000000
-1.6029899120330810546875000000000000000000000000000000000000000000000000000000000000000000000000000000
-3.3579955101013183593750000000000000000000000000000000000000000000000000000000000000000000000000000000
-1.6117403507232666015625000000000000000000000000000000000000000000000000000000000000000000000000000000
-1.2824848890304565429687500000000000000000000000000000000000000000000000000000000000000000000000000000
0.7375305294990539550781250000000000000000000000000000000000000000000000000000000000000000000000000000
3.2969996929168701171875000000000000000000000000000000000000000000000000000000000000000000000000000000
-2.9185283184051513671875000000000000000000000000000000000000000000000000000000000000000000000000000000
-1.9024968147277832031250000000000000000000000000000000000000000000000000000000000000000000000000000000
1.5127551555633544921875000000000000000000000000000000000000000000000000000000000000000000000000000000
-1.6244039535522460937500000000000000000000000000000000000000000000000000000000000000000000000000000000
-5.1447339057922363281250000000000000000000000000000000000000000000000000000000000000000000000000000000
2.5863325595855712890625000000000000000000000000000000000000000000000000000000000000000000000000000000
-4.1544065475463867187500000000000000000000000000000000000000000000000000000000000000000000000000000000
-2.1104083061218261718750000000000000000000000000000000000000000000000000000000000000000000000000000000
0.4772799313068389892578125000000000000000000000000000000000000000000000000000000000000000000000000000
1.1474764347076416015625000000000000000000000000000000000000000000000000000000000000000000000000000000
-0.7135280966758728027343750000000000000000000000000000000000000000000000000000000000000000000000000000
-1.8536801338195800781250000000000000000000000000000000000000000000000000000000000000000000000000000000
-1.1478245258331298828125000000000000000000000000000000000000000000000000000000000000000000000000000000
-0.6661392450332641601562500000000000000000000000000000000000000000000000000000000000000000000000000000
0.1843515634536743164062500000000000000000000000000000000000000000000000000000000000000000000000000000
-3.6032254695892333984375000000000000000000000000000000000000000000000000000000000000000000000000000000
3.7922434806823730468750000000000000000000000000000000000000000000000000000000000000000000000000000000
-1.1214995384216308593750000000000000000000000000000000000000000000000000000000000000000000000000000000
2.0318508148193359375000000000000000000000000000000000000000000000000000000000000000000000000000000000
-3.3041927814483642578125000000000000000000000000000000000000000000000000000000000000000000000000000000
-1.7322027683258056640625000000000000000000000000000000000000000000000000000000000000000000000000000000
1.6511220932006835937500000000000000000000000000000000000000000000000000000000000000000000000000000000
0.3499577343463897705078125000000000000000000000000000000000000000000000000000000000000000000000000000
0.7294588685035705566406250000000000000000000000000000000000000000000000000000000000000000000000000000
-1.3280656337738037109375000000000000000000000000000000000000000000000000000000000000000000000000000000
-1.2547587156295776367187500000000000000000000000000000000000000000000000000000000000000000000000000000
-0.4948019683361053466796875000000000000000000000000000000000000000000000000000000000000000000000000000
1.6782548427581787109375000000000000000000000000000000000000000000000000000000000000000000000000000000
1.4545099735260009765625000000000000000000000000000000000000000000000000000000000000000000000000000000
-2.4618861675262451171875000000000000000000000000000000000000000000000000000000000000000000000000000000
0.8327794075012207031250000000000000000000000000000000000000000000000000000000000000000000000000000000
-1.7528419494628906250000000000000000000000000000000000000000000000000000000000000000000000000000000000
-1.8133747577667236328125000000000000000000000000000000000000000000000000000000000000000000000000000000
-0.2794158458709716796875000000000000000000000000000000000000000000000000000000000000000000000000000000
0.0910491719841957092285156250000000000000000000000000000000000000000000000000000000000000000000000000
0.0329346172511577606201171875000000000000000000000000000000000000000000000000000000000000000000000000
-0.0000000483113211657837382517755031585693359375000000000000000000000000000000000000000000000000000000
-0.0000001209973419236121117137372493743896484375000000000000000000000000000000000000000000000000000000
-0.0000000320839319556398550048470497131347656250000000000000000000000000000000000000000000000000000000
-0.0000000036359968369481521222041919827461242675781250000000000000000000000000000000000000000000000000
0.0000000000000000000000000000000000000000000000000000000000000000000000000000000000000000000000000000
